
X-Axis: Magnitude
Y-Axis: Cumulative Annual Rate
Number of Data Sets: 8


DATASET #1

     Name: Mean
   Points: 66
     Info: 

Data[x,y]:
2.5	  2550.82
2.6	  2019.9
2.7	  1600.68
2.8	  1273.0
2.9	  1009.42
3.0	  803.81
3.1	  638.69
3.2	  507.2
3.3	  402.7
3.4	  320.68
3.5	  254.09
3.6	  202.9
3.7	  160.76
3.8	  127.42
3.9	  101.26
4.0	  80.57
4.1	  64.24
4.2	  51.3
4.3	  40.93
4.4	  32.4
4.5	  25.76
4.6	  20.43
4.7	  16.52
4.8	  13.01
4.9	  10.39
5.0	  8.58
5.1	  6.64
5.2	  5.17
5.3	  4.09
5.4	  3.22
5.5	  2.58
5.6	  2.03
5.7	  1.65
5.8	  1.26
5.9	  0.94
6.0	  0.73
6.1	  0.62
6.2	  0.52
6.3	  0.42
6.4	  0.29
6.5	  0.21
6.6	  0.18
6.7	  0.14
6.8	  0.12
6.9	  0.09
7.0	  0.09
7.1	  0.07
7.2	  0.03
7.3	  0.03
7.4	  0.01
7.5	  0.0
7.6	  0.0
7.7	  0.0
7.8	  0.0
7.9	  0.0
8.0	  0.0
8.1	  0.0
8.2	  0.0
8.3	  0.0
8.4	  0.0
8.5	  0.0
8.6	  0.0
8.7	  0.0
8.8	  0.0
8.9	  0.0
9.0	  0.0



DATASET #2

     Name: 2.5%,97.5%
   Points: 66
     Info: 

Data[x,y]:
2.5	  1789.1
2.6	  1415.6
2.7	  1131.5
2.8	  892.1
2.9	  708.3
3.0	  557.6
3.1	  444.2
3.2	  354.2
3.3	  280.4
3.4	  219.9
3.5	  173.4
3.6	  140.0
3.7	  111.4
3.8	  90.2
3.9	  72.1
4.0	  59.3
4.1	  45.9
4.2	  37.5
4.3	  29.8
4.4	  23.1
4.5	  18.1
4.6	  14.5
4.7	  11.0
4.8	  8.0
4.9	  6.6
5.0	  5.2
5.1	  3.9
5.2	  2.7
5.3	  2.3
5.4	  1.9
5.5	  1.5
5.6	  0.9
5.7	  0.9
5.8	  0.6
5.9	  0.3
6.0	  0.1
6.1	  0.0
6.2	  0.0
6.3	  0.0
6.4	  0.0
6.5	  0.0
6.6	  0.0
6.7	  0.0
6.8	  0.0
6.9	  0.0
7.0	  0.0
7.1	  0.0
7.2	  0.0
7.3	  0.0
7.4	  0.0
7.5	  0.0
7.6	  0.0
7.7	  0.0
7.8	  0.0
7.9	  0.0
8.0	  0.0
8.1	  0.0
8.2	  0.0
8.3	  0.0
8.4	  0.0
8.5	  0.0
8.6	  0.0
8.7	  0.0
8.8	  0.0
8.9	  0.0
9.0	  0.0



DATASET #3

     Name: null
   Points: 66
     Info: 

Data[x,y]:
2.5	  3864.6
2.6	  3049.3
2.7	  2406.7
2.8	  1916.8
2.9	  1529.9
3.0	  1222.4
3.1	  962.5
3.2	  762.5
3.3	  609.9
3.4	  488.2
3.5	  385.2
3.6	  307.0
3.7	  249.1
3.8	  198.3
3.9	  156.6
4.0	  127.3
4.1	  104.6
4.2	  84.4
4.3	  67.8
4.4	  52.9
4.5	  42.3
4.6	  33.5
4.7	  27.2
4.8	  21.1
4.9	  16.7
5.0	  13.5
5.1	  10.6
5.2	  8.6
5.3	  6.2
5.4	  4.6
5.5	  3.8
5.6	  2.9
5.7	  2.6
5.8	  2.2
5.9	  1.8
6.0	  1.5
6.1	  1.3
6.2	  1.3
6.3	  0.9
6.4	  0.8
6.5	  0.6
6.6	  0.6
6.7	  0.4
6.8	  0.3
6.9	  0.2
7.0	  0.2
7.1	  0.2
7.2	  0.1
7.3	  0.1
7.4	  0.1
7.5	  0.0
7.6	  0.0
7.7	  0.0
7.8	  0.0
7.9	  0.0
8.0	  0.0
8.1	  0.0
8.2	  0.0
8.3	  0.0
8.4	  0.0
8.5	  0.0
8.6	  0.0
8.7	  0.0
8.8	  0.0
8.9	  0.0
9.0	  0.0



DATASET #4

     Name: Median
   Points: 66
     Info: 

Data[x,y]:
2.5	  2337.6
2.6	  1853.0
2.7	  1465.1
2.8	  1169.4
2.9	  930.4
3.0	  736.6
3.1	  590.7
3.2	  468.9
3.3	  370.1
3.4	  292.3
3.5	  231.5
3.6	  185.6
3.7	  146.9
3.8	  116.0
3.9	  93.2
4.0	  73.8
4.1	  59.0
4.2	  47.4
4.3	  37.8
4.4	  29.9
4.5	  23.5
4.6	  19.2
4.7	  15.6
4.8	  12.1
4.9	  9.8
5.0	  8.0
5.1	  6.3
5.2	  4.9
5.3	  3.8
5.4	  3.0
5.5	  2.4
5.6	  2.0
5.7	  1.7
5.8	  1.3
5.9	  1.0
6.0	  0.7
6.1	  0.7
6.2	  0.4
6.3	  0.4
6.4	  0.2
6.5	  0.1
6.6	  0.1
6.7	  0.1
6.8	  0.1
6.9	  0.1
7.0	  0.1
7.1	  0.1
7.2	  0.0
7.3	  0.0
7.4	  0.0
7.5	  0.0
7.6	  0.0
7.7	  0.0
7.8	  0.0
7.9	  0.0
8.0	  0.0
8.1	  0.0
8.2	  0.0
8.3	  0.0
8.4	  0.0
8.5	  0.0
8.6	  0.0
8.7	  0.0
8.8	  0.0
8.9	  0.0
9.0	  0.0



DATASET #5

     Name: Mode
   Points: 66
     Info: 

Data[x,y]:
2.5	  2491.2
2.6	  1968.6
2.7	  1557.7
2.8	  1235.4
2.9	  972.0
3.0	  773.6
3.1	  618.6
3.2	  492.5
3.3	  389.2
3.4	  309.0
3.5	  245.6
3.6	  197.3
3.7	  154.3
3.8	  116.0
3.9	  98.2
4.0	  78.8
4.1	  61.3
4.2	  48.9
4.3	  38.1
4.4	  30.1
4.5	  23.8
4.6	  19.8
4.7	  15.9
4.8	  12.1
4.9	  8.9
5.0	  8.4
5.1	  6.4
5.2	  5.0
5.3	  3.8
5.4	  3.0
5.5	  2.4
5.6	  2.4
5.7	  1.7
5.8	  1.3
5.9	  1.1
6.0	  0.9
6.1	  0.7
6.2	  0.4
6.3	  0.4
6.4	  0.2
6.5	  0.1
6.6	  0.1
6.7	  0.1
6.8	  0.1
6.9	  0.1
7.0	  0.1
7.1	  0.1
7.2	  0.0
7.3	  0.0
7.4	  0.0
7.5	  0.0
7.6	  0.0
7.7	  0.0
7.8	  0.0
7.9	  0.0
8.0	  0.0
8.1	  0.0
8.2	  0.0
8.3	  0.0
8.4	  0.0
8.5	  0.0
8.6	  0.0
8.7	  0.0
8.8	  0.0
8.9	  0.0
9.0	  0.0



DATASET #6

     Name: 10 yr Prob
   Points: 66
     Info: 

Data[x,y]:
2.5	  1.0
2.6	  1.0
2.7	  1.0
2.8	  1.0
2.9	  1.0
3.0	  1.0
3.1	  1.0
3.2	  1.0
3.3	  1.0
3.4	  1.0
3.5	  1.0
3.6	  1.0
3.7	  1.0
3.8	  1.0
3.9	  1.0
4.0	  1.0
4.1	  1.0
4.2	  1.0
4.3	  1.0
4.4	  1.0
4.5	  1.0
4.6	  1.0
4.7	  1.0
4.8	  1.0
4.9	  1.0
5.0	  1.0
5.1	  1.0
5.2	  1.0
5.3	  1.0
5.4	  1.0
5.5	  1.0
5.6	  1.0
5.7	  1.0
5.8	  1.0
5.9	  1.0
6.0	  1.0
6.1	  0.9
6.2	  0.9
6.3	  0.9
6.4	  0.9
6.5	  0.9
6.6	  0.9
6.7	  0.9
6.8	  0.9
6.9	  0.8
7.0	  0.8
7.1	  0.6
7.2	  0.3
7.3	  0.3
7.4	  0.1
7.5	  0.0
7.6	  0.0
7.7	  0.0
7.8	  0.0
7.9	  0.0
8.0	  0.0
8.1	  0.0
8.2	  0.0
8.3	  0.0
8.4	  0.0
8.5	  0.0
8.6	  0.0
8.7	  0.0
8.8	  0.0
8.9	  0.0
9.0	  0.0



DATASET #7

Name: 95% Conf
Num Points: 66
Info: 

X, Y Data:
2.5	1.0	[1.0	1.0]
2.6	1.0	[1.0	1.0]
2.7	1.0	[1.0	1.0]
2.8	1.0	[1.0	1.0]
2.9	1.0	[1.0	1.0]
3.0	1.0	[1.0	1.0]
3.1	1.0	[1.0	1.0]
3.2	1.0	[1.0	1.0]
3.3	1.0	[1.0	1.0]
3.4	1.0	[1.0	1.0]
3.5	1.0	[1.0	1.0]
3.6	1.0	[1.0	1.0]
3.7	1.0	[1.0	1.0]
3.8	1.0	[1.0	1.0]
3.9	1.0	[1.0	1.0]
4.0	1.0	[1.0	1.0]
4.1	1.0	[1.0	1.0]
4.2	1.0	[1.0	1.0]
4.3	1.0	[1.0	1.0]
4.4	1.0	[1.0	1.0]
4.5	1.0	[1.0	1.0]
4.6	1.0	[1.0	1.0]
4.7	1.0	[1.0	1.0]
4.8	1.0	[1.0	1.0]
4.9	1.0	[1.0	1.0]
5.0	1.0	[1.0	1.0]
5.1	1.0	[1.0	1.0]
5.2	1.0	[1.0	1.0]
5.3	1.0	[1.0	1.0]
5.4	1.0	[1.0	1.0]
5.5	1.0	[1.0	1.0]
5.6	1.0	[1.0	1.0]
5.7	1.0	[1.0	1.0]
5.8	1.0	[1.0	1.0]
5.9	1.0	[1.0	1.0]
6.0	1.0	[1.0	1.0]
6.1	0.9	[0.541148	0.99475783]
6.2	0.9	[0.541148	0.99475783]
6.3	0.9	[0.541148	0.99475783]
6.4	0.9	[0.541148	0.99475783]
6.5	0.9	[0.541148	0.99475783]
6.6	0.9	[0.541148	0.99475783]
6.7	0.9	[0.541148	0.99475783]
6.8	0.9	[0.541148	0.99475783]
6.9	0.8	[0.44217616	0.96457386]
7.0	0.8	[0.44217616	0.96457386]
7.1	0.6	[0.27366582	0.8630718]
7.2	0.3	[0.08094623	0.6463339]
7.3	0.3	[0.08094623	0.6463339]
7.4	0.1	[0.0052421447	0.458852]
7.5	0.0	[0.0	0.344544]
7.6	0.0	[0.0	0.344544]
7.7	0.0	[0.0	0.344544]
7.8	0.0	[0.0	0.344544]
7.9	0.0	[0.0	0.344544]
8.0	0.0	[0.0	0.344544]
8.1	0.0	[0.0	0.344544]
8.2	0.0	[0.0	0.344544]
8.3	0.0	[0.0	0.344544]
8.4	0.0	[0.0	0.0]
8.5	0.0	[0.0	0.0]
8.6	0.0	[0.0	0.0]
8.7	0.0	[0.0	0.0]
8.8	0.0	[0.0	0.0]
8.9	0.0	[0.0	0.0]
9.0	0.0	[0.0	0.0]



DATASET #8

     Name: Supra
   Points: 66
     Info: 

Data[x,y]:
2.5	  1.0
2.6	  1.0
2.7	  1.0
2.8	  1.0
2.9	  1.0
3.0	  1.0
3.1	  1.0
3.2	  1.0
3.3	  1.0
3.4	  1.0
3.5	  1.0
3.6	  1.0
3.7	  1.0
3.8	  1.0
3.9	  1.0
4.0	  1.0
4.1	  1.0
4.2	  1.0
4.3	  1.0
4.4	  1.0
4.5	  1.0
4.6	  1.0
4.7	  1.0
4.8	  1.0
4.9	  1.0
5.0	  1.0
5.1	  1.0
5.2	  1.0
5.3	  1.0
5.4	  1.0
5.5	  1.0
5.6	  1.0
5.7	  1.0
5.8	  1.0
5.9	  1.0
6.0	  0.9
6.1	  0.9
6.2	  0.9
6.3	  0.9
6.4	  0.9
6.5	  0.9
6.6	  0.9
6.7	  0.8
6.8	  0.8
6.9	  0.7
7.0	  0.7
7.1	  0.6
7.2	  0.3
7.3	  0.3
7.4	  0.1
7.5	  0.0
7.6	  0.0
7.7	  0.0
7.8	  0.0
7.9	  0.0
8.0	  0.0
8.1	  0.0
8.2	  0.0
8.3	  0.0
8.4	  0.0
8.5	  0.0
8.6	  0.0
8.7	  0.0
8.8	  0.0
8.9	  0.0
9.0	  0.0


