
X-Axis: Magnitude
Y-Axis: 1 Day Cumulative Number
Number of Data Sets: 9


DATASET #1

     Name: Mean
   Points: 66
     Info: 

Data[x,y]:
2.5	  1088.7
2.6	  865.3
2.7	  688.4
2.8	  543.3
2.9	  432.7
3.0	  340.6
3.1	  268.3
3.2	  211.3
3.3	  169.9
3.4	  138.2
3.5	  108.6
3.6	  86.8
3.7	  69.3
3.8	  54.1
3.9	  43.7
4.0	  34.3
4.1	  27.1
4.2	  21.4
4.3	  17.3
4.4	  14.4
4.5	  11.1
4.6	  8.6
4.7	  6.8
4.8	  5.7
4.9	  3.9
5.0	  2.9
5.1	  2.5
5.2	  1.9
5.3	  1.4
5.4	  0.9
5.5	  0.7
5.6	  0.4
5.7	  0.1
5.8	  0.0
5.9	  0.0
6.0	  0.0
6.1	  0.0
6.2	  0.0
6.3	  0.0
6.4	  0.0
6.5	  0.0
6.6	  0.0
6.7	  0.0
6.8	  0.0
6.9	  0.0
7.0	  0.0
7.1	  0.0
7.2	  0.0
7.3	  0.0
7.4	  0.0
7.5	  0.0
7.6	  0.0
7.7	  0.0
7.8	  0.0
7.9	  0.0
8.0	  0.0
8.1	  0.0
8.2	  0.0
8.3	  0.0
8.4	  0.0
8.5	  0.0
8.6	  0.0
8.7	  0.0
8.8	  0.0
8.9	  0.0
9.0	  0.0



DATASET #2

     Name: 2.5%,97.5%
   Points: 66
     Info: 

Data[x,y]:
2.5	  961.0
2.6	  764.0
2.7	  588.0
2.8	  447.0
2.9	  358.0
3.0	  285.0
3.1	  225.0
3.2	  177.0
3.3	  136.0
3.4	  105.0
3.5	  84.0
3.6	  68.0
3.7	  54.0
3.8	  37.0
3.9	  34.0
4.0	  27.0
4.1	  19.0
4.2	  12.0
4.3	  7.0
4.4	  7.0
4.5	  6.0
4.6	  4.0
4.7	  2.0
4.8	  1.0
4.9	  1.0
5.0	  0.0
5.1	  0.0
5.2	  0.0
5.3	  0.0
5.4	  0.0
5.5	  0.0
5.6	  0.0
5.7	  0.0
5.8	  0.0
5.9	  0.0
6.0	  0.0
6.1	  0.0
6.2	  0.0
6.3	  0.0
6.4	  0.0
6.5	  0.0
6.6	  0.0
6.7	  0.0
6.8	  0.0
6.9	  0.0
7.0	  0.0
7.1	  0.0
7.2	  0.0
7.3	  0.0
7.4	  0.0
7.5	  0.0
7.6	  0.0
7.7	  0.0
7.8	  0.0
7.9	  0.0
8.0	  0.0
8.1	  0.0
8.2	  0.0
8.3	  0.0
8.4	  0.0
8.5	  0.0
8.6	  0.0
8.7	  0.0
8.8	  0.0
8.9	  0.0
9.0	  0.0



DATASET #3

     Name: null
   Points: 66
     Info: 

Data[x,y]:
2.5	  1238.0
2.6	  981.0
2.7	  768.0
2.8	  606.0
2.9	  493.0
3.0	  390.0
3.1	  306.0
3.2	  239.0
3.3	  197.0
3.4	  162.0
3.5	  132.0
3.6	  109.0
3.7	  86.0
3.8	  72.0
3.9	  57.0
4.0	  45.0
4.1	  34.0
4.2	  28.0
4.3	  24.0
4.4	  22.0
4.5	  20.0
4.6	  17.0
4.7	  14.0
4.8	  14.0
4.9	  9.0
5.0	  5.0
5.1	  5.0
5.2	  5.0
5.3	  4.0
5.4	  3.0
5.5	  2.0
5.6	  2.0
5.7	  1.0
5.8	  0.0
5.9	  0.0
6.0	  0.0
6.1	  0.0
6.2	  0.0
6.3	  0.0
6.4	  0.0
6.5	  0.0
6.6	  0.0
6.7	  0.0
6.8	  0.0
6.9	  0.0
7.0	  0.0
7.1	  0.0
7.2	  0.0
7.3	  0.0
7.4	  0.0
7.5	  0.0
7.6	  0.0
7.7	  0.0
7.8	  0.0
7.9	  0.0
8.0	  0.0
8.1	  0.0
8.2	  0.0
8.3	  0.0
8.4	  0.0
8.5	  0.0
8.6	  0.0
8.7	  0.0
8.8	  0.0
8.9	  0.0
9.0	  0.0



DATASET #4

     Name: Median
   Points: 66
     Info: 

Data[x,y]:
2.5	  1073.0
2.6	  846.0
2.7	  679.0
2.8	  535.0
2.9	  442.0
3.0	  346.0
3.1	  263.0
3.2	  209.0
3.3	  173.0
3.4	  144.0
3.5	  110.0
3.6	  87.0
3.7	  68.0
3.8	  55.0
3.9	  43.0
4.0	  33.0
4.1	  26.0
4.2	  21.0
4.3	  16.0
4.4	  13.0
4.5	  10.0
4.6	  7.0
4.7	  6.0
4.8	  5.0
4.9	  3.0
5.0	  3.0
5.1	  2.0
5.2	  1.0
5.3	  1.0
5.4	  1.0
5.5	  0.0
5.6	  0.0
5.7	  0.0
5.8	  0.0
5.9	  0.0
6.0	  0.0
6.1	  0.0
6.2	  0.0
6.3	  0.0
6.4	  0.0
6.5	  0.0
6.6	  0.0
6.7	  0.0
6.8	  0.0
6.9	  0.0
7.0	  0.0
7.1	  0.0
7.2	  0.0
7.3	  0.0
7.4	  0.0
7.5	  0.0
7.6	  0.0
7.7	  0.0
7.8	  0.0
7.9	  0.0
8.0	  0.0
8.1	  0.0
8.2	  0.0
8.3	  0.0
8.4	  0.0
8.5	  0.0
8.6	  0.0
8.7	  0.0
8.8	  0.0
8.9	  0.0
9.0	  0.0



DATASET #5

     Name: Mode
   Points: 66
     Info: 

Data[x,y]:
2.5	  1121.0
2.6	  887.0
2.7	  715.0
2.8	  566.0
2.9	  451.0
3.0	  347.0
3.1	  267.0
3.2	  209.0
3.3	  161.0
3.4	  146.0
3.5	  111.0
3.6	  87.0
3.7	  68.0
3.8	  55.0
3.9	  47.0
4.0	  33.0
4.1	  34.0
4.2	  21.0
4.3	  19.0
4.4	  16.0
4.5	  10.0
4.6	  9.0
4.7	  7.0
4.8	  5.0
4.9	  2.0
5.0	  4.0
5.1	  3.0
5.2	  1.0
5.3	  1.0
5.4	  1.0
5.5	  0.0
5.6	  0.0
5.7	  0.0
5.8	  0.0
5.9	  0.0
6.0	  0.0
6.1	  0.0
6.2	  0.0
6.3	  0.0
6.4	  0.0
6.5	  0.0
6.6	  0.0
6.7	  0.0
6.8	  0.0
6.9	  0.0
7.0	  0.0
7.1	  0.0
7.2	  0.0
7.3	  0.0
7.4	  0.0
7.5	  0.0
7.6	  0.0
7.7	  0.0
7.8	  0.0
7.9	  0.0
8.0	  0.0
8.1	  0.0
8.2	  0.0
8.3	  0.0
8.4	  0.0
8.5	  0.0
8.6	  0.0
8.7	  0.0
8.8	  0.0
8.9	  0.0
9.0	  0.0



DATASET #6

     Name: 1 d Prob
   Points: 66
     Info: 

Data[x,y]:
2.5	  1.0
2.6	  1.0
2.7	  1.0
2.8	  1.0
2.9	  1.0
3.0	  1.0
3.1	  1.0
3.2	  1.0
3.3	  1.0
3.4	  1.0
3.5	  1.0
3.6	  1.0
3.7	  1.0
3.8	  1.0
3.9	  1.0
4.0	  1.0
4.1	  1.0
4.2	  1.0
4.3	  1.0
4.4	  1.0
4.5	  1.0
4.6	  1.0
4.7	  1.0
4.8	  1.0
4.9	  1.0
5.0	  0.9
5.1	  0.9
5.2	  0.8
5.3	  0.8
5.4	  0.6
5.5	  0.5
5.6	  0.3
5.7	  0.1
5.8	  0.0
5.9	  0.0
6.0	  0.0
6.1	  0.0
6.2	  0.0
6.3	  0.0
6.4	  0.0
6.5	  0.0
6.6	  0.0
6.7	  0.0
6.8	  0.0
6.9	  0.0
7.0	  0.0
7.1	  0.0
7.2	  0.0
7.3	  0.0
7.4	  0.0
7.5	  0.0
7.6	  0.0
7.7	  0.0
7.8	  0.0
7.9	  0.0
8.0	  0.0
8.1	  0.0
8.2	  0.0
8.3	  0.0
8.4	  0.0
8.5	  0.0
8.6	  0.0
8.7	  0.0
8.8	  0.0
8.9	  0.0
9.0	  0.0



DATASET #7

Name: 95% Conf
Num Points: 66
Info: 

X, Y Data:
2.5	1.0	[1.0	1.0]
2.6	1.0	[1.0	1.0]
2.7	1.0	[1.0	1.0]
2.8	1.0	[1.0	1.0]
2.9	1.0	[1.0	1.0]
3.0	1.0	[1.0	1.0]
3.1	1.0	[1.0	1.0]
3.2	1.0	[1.0	1.0]
3.3	1.0	[1.0	1.0]
3.4	1.0	[1.0	1.0]
3.5	1.0	[1.0	1.0]
3.6	1.0	[1.0	1.0]
3.7	1.0	[1.0	1.0]
3.8	1.0	[1.0	1.0]
3.9	1.0	[1.0	1.0]
4.0	1.0	[1.0	1.0]
4.1	1.0	[1.0	1.0]
4.2	1.0	[1.0	1.0]
4.3	1.0	[1.0	1.0]
4.4	1.0	[1.0	1.0]
4.5	1.0	[1.0	1.0]
4.6	1.0	[1.0	1.0]
4.7	1.0	[1.0	1.0]
4.8	1.0	[1.0	1.0]
4.9	1.0	[1.0	1.0]
5.0	0.9	[0.541148	0.99475783]
5.1	0.9	[0.541148	0.99475783]
5.2	0.8	[0.44217616	0.96457386]
5.3	0.8	[0.44217616	0.96457386]
5.4	0.6	[0.27366582	0.8630718]
5.5	0.5	[0.20141985	0.79858017]
5.6	0.3	[0.08094623	0.6463339]
5.7	0.1	[0.0052421447	0.458852]
5.8	0.0	[0.0	0.344544]
5.9	0.0	[0.0	0.344544]
6.0	0.0	[0.0	0.344544]
6.1	0.0	[0.0	0.344544]
6.2	0.0	[0.0	0.344544]
6.3	0.0	[0.0	0.344544]
6.4	0.0	[0.0	0.344544]
6.5	0.0	[0.0	0.344544]
6.6	0.0	[0.0	0.344544]
6.7	0.0	[0.0	0.344544]
6.8	0.0	[0.0	0.344544]
6.9	0.0	[0.0	0.344544]
7.0	0.0	[0.0	0.344544]
7.1	0.0	[0.0	0.344544]
7.2	0.0	[0.0	0.344544]
7.3	0.0	[0.0	0.344544]
7.4	0.0	[0.0	0.344544]
7.5	0.0	[0.0	0.344544]
7.6	0.0	[0.0	0.344544]
7.7	0.0	[0.0	0.344544]
7.8	0.0	[0.0	0.344544]
7.9	0.0	[0.0	0.344544]
8.0	0.0	[0.0	0.344544]
8.1	0.0	[0.0	0.344544]
8.2	0.0	[0.0	0.344544]
8.3	0.0	[0.0	0.344544]
8.4	0.0	[0.0	0.0]
8.5	0.0	[0.0	0.0]
8.6	0.0	[0.0	0.0]
8.7	0.0	[0.0	0.0]
8.8	0.0	[0.0	0.0]
8.9	0.0	[0.0	0.0]
9.0	0.0	[0.0	0.0]



DATASET #8

     Name: Supra
   Points: 66
     Info: 

Data[x,y]:
2.5	  0.0
2.6	  0.0
2.7	  0.0
2.8	  0.0
2.9	  0.0
3.0	  0.0
3.1	  0.0
3.2	  0.0
3.3	  0.0
3.4	  0.0
3.5	  0.0
3.6	  0.0
3.7	  0.0
3.8	  0.0
3.9	  0.0
4.0	  0.0
4.1	  0.0
4.2	  0.0
4.3	  0.0
4.4	  0.0
4.5	  0.0
4.6	  0.0
4.7	  0.0
4.8	  0.0
4.9	  0.0
5.0	  0.0
5.1	  0.0
5.2	  0.0
5.3	  0.0
5.4	  0.0
5.5	  0.0
5.6	  0.0
5.7	  0.0
5.8	  0.0
5.9	  0.0
6.0	  0.0
6.1	  0.0
6.2	  0.0
6.3	  0.0
6.4	  0.0
6.5	  0.0
6.6	  0.0
6.7	  0.0
6.8	  0.0
6.9	  0.0
7.0	  0.0
7.1	  0.0
7.2	  0.0
7.3	  0.0
7.4	  0.0
7.5	  0.0
7.6	  0.0
7.7	  0.0
7.8	  0.0
7.9	  0.0
8.0	  0.0
8.1	  0.0
8.2	  0.0
8.3	  0.0
8.4	  0.0
8.5	  0.0
8.6	  0.0
8.7	  0.0
8.8	  0.0
8.9	  0.0
9.0	  0.0



DATASET #9

     Name: Primary
   Points: 66
     Info: 

Data[x,y]:
2.5	  883.4
2.6	  702.2
2.7	  558.6
2.8	  440.6
2.9	  350.5
3.0	  275.2
3.1	  217.7
3.2	  172.0
3.3	  137.0
3.4	  111.5
3.5	  89.0
3.6	  71.4
3.7	  57.2
3.8	  44.6
3.9	  35.6
4.0	  27.6
4.1	  21.8
4.2	  17.7
4.3	  14.3
4.4	  12.0
4.5	  9.5
4.6	  7.3
4.7	  5.8
4.8	  4.7
4.9	  3.2
5.0	  2.2
5.1	  1.9
5.2	  1.5
5.3	  1.0
5.4	  0.7
5.5	  0.5
5.6	  0.4
5.7	  0.1
5.8	  0.0
5.9	  0.0
6.0	  0.0
6.1	  0.0
6.2	  0.0
6.3	  0.0
6.4	  0.0
6.5	  0.0
6.6	  0.0
6.7	  0.0
6.8	  0.0
6.9	  0.0
7.0	  0.0
7.1	  0.0
7.2	  0.0
7.3	  0.0
7.4	  0.0
7.5	  0.0
7.6	  0.0
7.7	  0.0
7.8	  0.0
7.9	  0.0
8.0	  0.0
8.1	  0.0
8.2	  0.0
8.3	  0.0
8.4	  0.0
8.5	  0.0
8.6	  0.0
8.7	  0.0
8.8	  0.0
8.9	  0.0
9.0	  0.0


