
X-Axis: Forecast Timespan (years)
Y-Axis: M≥6.0 Participation Probability
Number of Data Sets: 13


DATASET #1

Name: UCERF3-TI
Num Points: 16
Info: 

X, Y Data:
1.1407711E-4	1.3998157E-5
0.0027378509	3.3590168E-4
0.019164955	0.0023489436
0.08213552	0.010028123
0.18086766	0.02194956
0.3982821	0.04769763
0.8770426	0.10203192
1.0	0.11547871
1.9313037	0.21099906
4.252854	0.4065855
9.365055	0.6831015
10.0	0.7068547
20.622448	0.92038506
30.0	0.9748088
45.411945	0.99619883
100.0	0.9999953



DATASET #2

Name: UCERF3-TD
Num Points: 16
Info: 

X, Y Data:
1.1407711E-4	1.539706E-5
0.0027378509	3.694643E-4
0.019164955	0.0025833983
0.08213552	0.011025019
0.18086766	0.024117064
0.3982821	0.052339587
0.8770426	0.11165505
1.0	0.12628257
1.9313037	0.2295248
4.252854	0.43684754
9.365055	0.71774536
10.0	0.74096495
20.622448	0.9384665
30.0	0.9827642
45.411945	0.99792904
100.0	0.9999989



DATASET #3

Name: UCERF3-ETAS
Num Points: 1006
Info: 

X, Y Data:
1.1407711E-4	1.539706E-5
1.1565044E-4	1.5609401E-5
1.1724546E-4	1.582467E-5
1.1886248E-4	1.6042906E-5
1.205018E-4	1.6264154E-5
1.2216374E-4	1.6488453E-5
1.2384859E-4	1.6715845E-5
1.2555667E-4	1.6946373E-5
1.2728831E-4	1.7180078E-5
1.2904384E-4	1.7417009E-5
1.3082358E-4	1.7657207E-5
1.3262787E-4	1.7900717E-5
1.3445703E-4	1.8147584E-5
1.3631143E-4	1.8397857E-5
1.381914E-4	1.8651583E-5
1.4009731E-4	1.8908806E-5
1.4202949E-4	1.9169576E-5
1.4398833E-4	1.9433945E-5
1.4597418E-4	1.9701956E-5
1.4798742E-4	1.9973666E-5
1.5002843E-4	2.0249123E-5
1.5209758E-4	2.0528378E-5
1.5419527E-4	2.0811483E-5
1.5632188E-4	2.1098494E-5
1.5847784E-4	2.1389464E-5
1.6066352E-4	2.1684444E-5
1.6287935E-4	2.1983495E-5
1.6512575E-4	2.2286667E-5
1.6740312E-4	2.2594022E-5
1.697119E-4	2.2905617E-5
1.7205252E-4	2.3221508E-5
1.7442543E-4	2.3541754E-5
1.7683106E-4	2.3866418E-5
1.7926986E-4	2.4195559E-5
1.817423E-4	2.452924E-5
1.8424886E-4	2.4867522E-5
1.8678997E-4	2.521047E-5
1.8936612E-4	2.5558145E-5
1.9197782E-4	2.5910618E-5
1.9462552E-4	2.626795E-5
1.9730975E-4	2.663021E-5
2.0003099E-4	2.6997468E-5
2.0278977E-4	2.736979E-5
2.0558659E-4	2.7747245E-5
2.0842199E-4	2.8129907E-5
2.112965E-4	2.8517845E-5
2.1421064E-4	2.8911134E-5
2.1716498E-4	2.9309847E-5
2.2016006E-4	2.9714058E-5
2.2319646E-4	3.0123843E-5
2.2627473E-4	3.0539282E-5
2.2939545E-4	3.0960447E-5
2.325592E-4	3.1387422E-5
2.3576661E-4	3.1820284E-5
2.3901823E-4	3.225912E-5
2.4231472E-4	3.2704003E-5
2.4565667E-4	3.315502E-5
2.490447E-4	3.361226E-5
2.5247945E-4	3.407581E-5
2.5596158E-4	3.454575E-5
2.5949173E-4	3.5022167E-5
2.630706E-4	3.5505156E-5
2.666988E-4	3.5994806E-5
2.7037703E-4	3.6491212E-5
2.7410602E-4	3.699446E-5
2.778864E-4	3.750465E-5
2.8171894E-4	3.8021873E-5
2.8560433E-4	3.8546234E-5
2.8954333E-4	3.9077822E-5
2.9353664E-4	3.9616745E-5
2.97585E-4	4.01631E-5
3.0168923E-4	4.0716986E-5
3.0585006E-4	4.1278516E-5
3.1006825E-4	4.1847787E-5
3.1434462E-4	4.242491E-5
3.1868E-4	4.3009986E-5
3.2307516E-4	4.3603137E-5
3.2753093E-4	4.4204466E-5
3.3204813E-4	4.481409E-5
3.3662765E-4	4.543212E-5
3.4127035E-4	4.605867E-5
3.4597705E-4	4.6693865E-5
3.5074868E-4	4.733782E-5
3.5558612E-4	4.7990656E-5
3.6049026E-4	4.865249E-5
3.6546207E-4	4.932346E-5
3.705024E-4	5.0003677E-5
3.756123E-4	5.0693277E-5
3.8079266E-4	5.1392384E-5
3.8604444E-4	5.2101135E-5
3.9136867E-4	5.281966E-5
3.9676632E-4	5.3548098E-5
4.0223842E-4	5.428658E-5
4.07786E-4	5.503524E-5
4.1341007E-4	5.5794233E-5
4.1911172E-4	5.6563687E-5
4.24892E-4	5.7343757E-5
4.30752E-4	5.813458E-5
4.3669282E-4	5.8936315E-5
4.4271557E-4	5.9749105E-5
4.488214E-4	6.0573104E-5
4.5501144E-4	6.1408464E-5
4.6128684E-4	6.225535E-5
4.676488E-4	6.311391E-5
4.7409846E-4	6.398431E-5
4.8063713E-4	6.486672E-5
4.8726593E-4	6.576129E-5
4.939862E-4	6.66682E-5
5.007991E-4	6.758762E-5
5.07706E-4	6.851972E-5
5.1470817E-4	6.946468E-5
5.218069E-4	7.042266E-5
5.290035E-4	7.139386E-5
5.3629937E-4	7.2378454E-5
5.436959E-4	7.337662E-5
5.511944E-4	7.4388554E-5
5.5879634E-4	7.541445E-5
5.6650315E-4	7.645448E-5
5.743162E-4	7.750886E-5
5.8223703E-4	7.857779E-5
5.9026707E-4	7.9661455E-5
5.984079E-4	8.076006E-5
6.0666096E-4	8.187382E-5
6.150279E-4	8.300294E-5
6.235102E-4	8.4147636E-5
6.3210947E-4	8.5308115E-5
6.408274E-4	8.648459E-5
6.496655E-4	8.76773E-5
6.586255E-4	8.888645E-5
6.677091E-4	9.0112284E-5
6.76918E-4	9.1355025E-5
6.862539E-4	9.26149E-5
6.957185E-4	9.3892144E-5
7.053137E-4	9.518701E-5
7.150412E-4	9.649973E-5
7.2490284E-4	9.7830554E-5
7.3490053E-4	9.9179735E-5
7.450361E-4	1.0054752E-4
7.5531146E-4	1.0193417E-4
7.6572853E-4	1.0333994E-4
7.7628926E-4	1.047651E-4
7.8699563E-4	1.0620991E-4
7.978497E-4	1.0767465E-4
8.088534E-4	1.0915959E-4
8.200089E-4	1.1066501E-4
8.3131826E-4	1.12191185E-4
8.427836E-4	1.1373841E-4
8.5440703E-4	1.15306975E-4
8.661908E-4	1.1689717E-4
8.7813707E-4	1.1850929E-4
8.902481E-4	1.2014365E-4
9.025262E-4	1.2180055E-4
9.149736E-4	1.234803E-4
9.275927E-4	1.2518321E-4
9.403858E-4	1.2690961E-4
9.533554E-4	1.2865981E-4
9.665038E-4	1.3043416E-4
9.798335E-4	1.3223298E-4
9.933471E-4	1.340566E-4
0.0010070471	1.3590537E-4
0.0010209361	1.3777964E-4
0.0010350166	1.3967975E-4
0.0010492913	1.4160607E-4
0.0010637628	1.4355895E-4
0.0010784339	1.4553877E-4
0.0010933075	1.475459E-4
0.0011083861	1.495807E-4
0.0011236727	1.5164356E-4
0.00113917	1.5373487E-4
0.0011548812	1.5585503E-4
0.001170809	1.5800442E-4
0.0011869565	1.6018345E-4
0.0012033267	1.6239253E-4
0.0012199227	1.6463209E-4
0.0012367476	1.6690254E-4
0.0012538045	1.6920427E-4
0.0012710966	1.7153777E-4
0.0012886273	1.7390345E-4
0.0013063997	1.7630174E-4
0.0013244172	1.7873311E-4
0.0013426832	1.8119802E-4
0.0013612012	1.8369692E-4
0.0013799745	1.8623027E-4
0.0013990068	1.8879857E-4
0.0014183015	1.9140229E-4
0.0014378624	1.9404192E-4
0.001457693	1.9671794E-4
0.0014777972	1.9943087E-4
0.0014981786	2.0218121E-4
0.001518841	2.0496949E-4
0.0015397886	2.0779623E-4
0.0015610249	2.1066194E-4
0.0015825542	2.1356717E-4
0.0016043803	2.1651246E-4
0.0016265075	2.1949838E-4
0.0016489399	2.2252547E-4
0.0016716816	2.2559433E-4
0.001694737	2.2870548E-4
0.0017181104	2.3185957E-4
0.0017418062	2.3505713E-4
0.0017658287	2.3829879E-4
0.0017901825	2.4158516E-4
0.0018148724	2.4491685E-4
0.0018399026	2.482945E-4
0.001865278	2.5171874E-4
0.0018910035	2.5519019E-4
0.0019170837	2.587095E-4
0.0019435236	2.6227735E-4
0.0019703282	2.658944E-4
0.0019975025	2.6956137E-4
0.0020250515	2.7327886E-4
0.0020529805	2.7704766E-4
0.0020812948	2.808684E-4
0.0021099993	2.8474187E-4
0.0021390999	2.8866873E-4
0.0021686018	2.9264975E-4
0.0021985106	2.9668567E-4
0.0022288319	3.0077726E-4
0.0022595716	3.0492526E-4
0.0022907348	3.0913047E-4
0.002322328	3.1339368E-4
0.0023543572	3.177157E-4
0.0023868277	3.220973E-4
0.0024197462	3.2653933E-4
0.0024531188	3.3104263E-4
0.0024869516	3.3560803E-4
0.002521251	3.402364E-4
0.0025560234	3.449286E-4
0.0025912754	3.496855E-4
0.0026270137	3.54508E-4
0.0026632447	3.59397E-4
0.0026999756	3.6435344E-4
0.002737213	3.6937822E-4
0.0027378509	3.694643E-4
0.0027749639	3.7446973E-4
0.0028132354	3.7963138E-4
0.002852035	3.8486416E-4
0.0028913694	3.901691E-4
0.0029312465	3.9554713E-4
0.0029716734	4.009993E-4
0.003012658	4.065266E-4
0.003054208	4.1213012E-4
0.0030963307	4.1781086E-4
0.0031390344	4.2356993E-4
0.0031823271	4.2940836E-4
0.003226217	4.3532727E-4
0.0032707122	4.4132778E-4
0.003315821	4.4741097E-4
0.003361552	4.5357802E-4
0.0034079137	4.5983007E-4
0.0034549148	4.6616833E-4
0.003502564	4.7259394E-4
0.0035508706	4.791081E-4
0.0035998432	4.8571205E-4
0.0036494914	4.9240707E-4
0.0036998242	4.991943E-4
0.0037508511	5.0607516E-4
0.003802582	5.130508E-4
0.0038550263	5.2012264E-4
0.0039081937	5.2729197E-4
0.0039620944	5.3456007E-4
0.004016739	5.419284E-4
0.0040721367	5.4939825E-4
0.0041282983	5.569711E-4
0.004185235	5.646483E-4
0.0042429566	5.7243137E-4
0.0043014744	5.803217E-4
0.004360799	5.883208E-4
0.004420942	5.964301E-4
0.004481915	6.046512E-4
0.004543728	6.1298563E-4
0.004606394	6.2143494E-4
0.0046699243	6.300007E-4
0.004734331	6.386846E-4
0.0047996254	6.474881E-4
0.0048658205	6.5641303E-4
0.004932929	6.6546095E-4
0.0050009624	6.7463354E-4
0.0050699343	6.839326E-4
0.0051398575	6.933599E-4
0.005210745	7.0291705E-4
0.0052826107	7.1260595E-4
0.005355467	7.2242843E-4
0.0054293284	7.323863E-4
0.005504208	7.4248144E-4
0.0055801207	7.527157E-4
0.00565708	7.63091E-4
0.005735101	7.736094E-4
0.0058141984	7.842727E-4
0.005894386	7.95083E-4
0.00597568	8.0604234E-4
0.006058095	8.1715273E-4
0.0061416468	8.2841626E-4
0.006226351	8.3983503E-4
0.006312223	8.514112E-4
0.00639928	8.6314697E-4
0.006487537	8.7504444E-4
0.0065770117	8.8710594E-4
0.0066677197	8.993337E-4
0.0067596794	9.1173E-4
0.006852907	9.2429714E-4
0.0069474205	9.370376E-4
0.007043238	9.4995357E-4
0.007140376	9.630476E-4
0.0072388547	9.763221E-4
0.007338691	9.897796E-4
0.0074399044	0.0010034227
0.007542514	0.0010172536
0.007646538	0.0010312754
0.007751997	0.0010454904
0.007858911	0.0010599012
0.007967299	0.0010745107
0.008077182	0.0010893217
0.00818858	0.0011043368
0.008301515	0.0011195588
0.008416007	0.0011349906
0.008532079	0.0011506352
0.008649751	0.0011664954
0.0087690465	0.0011825742
0.008889986	0.0011988747
0.009012595	0.0012153998
0.009136895	0.0012321527
0.009262908	0.0012491365
0.00939066	0.0012663545
0.009520173	0.0012838098
0.009651473	0.0013015056
0.009784584	0.0013194454
0.00991953	0.0013376325
0.010056338	0.0013560703
0.010195033	0.0013747622
0.010335639	0.0013937117
0.010478186	0.0014129224
0.010622699	0.001432398
0.010769204	0.0014521419
0.01091773	0.0014721581
0.011068305	0.0014924501
0.011220956	0.0015130219
0.011375712	0.0015338772
0.011532604	0.00155502
0.011691658	0.0015764541
0.011852906	0.0015981838
0.012016378	0.0016202129
0.012182105	0.0016425457
0.012350118	0.0016651864
0.012520447	0.001688139
0.012693127	0.0017114081
0.012868186	0.001734998
0.013045661	0.001758913
0.013225584	0.0017831576
0.013407988	0.0018077365
0.013592907	0.001832654
0.013780377	0.0018579151
0.013970433	0.0018835244
0.0141631095	0.0019094866
0.014358443	0.0019358067
0.014556471	0.0019624897
0.014757231	0.0019895404
0.014960758	0.002016964
0.015167094	0.0020447655
0.0153762745	0.0020729504
0.015588339	0.0021015236
0.01580333	0.0021304907
0.016021285	0.0021598572
0.016242247	0.0021896283
0.016466256	0.00221981
0.016693354	0.0022504074
0.016923584	0.0022814267
0.01715699	0.0023128737
0.017393615	0.002344754
0.017633503	0.0023770737
0.0178767	0.002409839
0.01812325	0.0024430559
0.018373203	0.0024767306
0.0186266	0.0025108696
0.018883495	0.0025454792
0.019143932	0.0025805656
0.019164955	0.0025833983
0.01940796	0.0026160588
0.01967563	0.0026520335
0.01994699	0.0026885027
0.020222094	0.0027254734
0.020500991	0.0027629526
0.020783735	0.002800947
0.02107038	0.002839464
0.021360977	0.0028785106
0.021655582	0.0029180944
0.021954251	0.0029582223
0.022257037	0.002998902
0.022564001	0.0030401412
0.0228752	0.0030819476
0.023190686	0.0031243286
0.023510527	0.0031672926
0.023834778	0.0032108475
0.024163501	0.003255001
0.024496758	0.003299762
0.02483461	0.0033451384
0.025177125	0.0033911387
0.025524361	0.003437772
0.025876386	0.003485046
0.026233267	0.0035329703
0.02659507	0.0035815537
0.026961861	0.0036308053
0.027333712	0.003680734
0.027710691	0.0037313493
0.02809287	0.0037826607
0.028480321	0.0038346776
0.028873114	0.00388741
0.029271325	0.0039408673
0.029675027	0.00399506
0.030084297	0.004049998
0.030499212	0.004105691
0.03091985	0.00416215
0.031346288	0.0042193853
0.031778608	0.004277408
0.03221689	0.0043362286
0.03266122	0.004395858
0.033111673	0.0044563073
0.03356834	0.004517588
0.034031305	0.004579711
0.03450066	0.004642688
0.034976482	0.004706532
0.03545887	0.0047712536
0.035947908	0.0048368652
0.03644369	0.004903379
0.036946315	0.004970807
0.037455868	0.005039163
0.03797245	0.0051084585
0.038496155	0.005178707
0.039027087	0.0052499217
0.039565336	0.0053221155
0.040111013	0.0053953025
0.040664215	0.0054694954
0.041225042	0.0055447086
0.04179361	0.0056209564
0.042370018	0.0056982525
0.042954374	0.0057766116
0.04354679	0.0058560483
0.044147376	0.0059365775
0.044756245	0.0060182135
0.04537351	0.0061009726
0.04599929	0.00618487
0.0466337	0.0062699206
0.047276862	0.0063561406
0.047928892	0.0064435466
0.048589915	0.0065321545
0.049260054	0.006621981
0.049939435	0.006713043
0.05062819	0.0068053566
0.05132644	0.00689894
0.05203432	0.00699381
0.052751962	0.007089985
0.053479504	0.0071874824
0.05421708	0.0072863204
0.05496483	0.0073865177
0.05572289	0.007488093
0.056491405	0.007591065
0.05727052	0.007695453
0.05806038	0.007801276
0.058861136	0.007908555
0.059672933	0.008017309
0.060495928	0.008127558
0.06133027	0.008239323
0.062176123	0.008352626
0.06303364	0.008467487
0.06390298	0.008583927
0.06478432	0.008701968
0.06567781	0.008821633
0.06658362	0.008942942
0.067501925	0.0090659205
0.06843289	0.00919059
0.0693767	0.009316973
0.070333526	0.009445095
0.07130355	0.009574979
0.07228695	0.009706648
0.07328391	0.009840128
0.07429463	0.0099754445
0.075319275	0.010112621
0.07635806	0.010251684
0.07741117	0.010392659
0.078478806	0.010535573
0.07956117	0.010680452
0.08065845	0.010827323
0.081770875	0.010976214
0.08213552	0.011025019
0.08289864	0.011126586
0.08404195	0.011278741
0.08520104	0.011432976
0.08637611	0.011589321
0.08756739	0.0117478045
0.08877509	0.011908454
0.08999946	0.012071301
0.091240704	0.012236374
0.09249908	0.012403706
0.093774796	0.012573326
0.09506812	0.012745265
0.09637927	0.0129195545
0.09770851	0.013096228
0.09905608	0.013275318
0.10042223	0.013456857
0.10180724	0.013640878
0.103211336	0.013827415
0.1046348	0.014016504
0.106077895	0.014208178
0.10754089	0.014402473
0.10902407	0.014599426
0.1105277	0.0147990715
0.112052076	0.015001448
0.11359747	0.015206591
0.115164176	0.01541454
0.11675249	0.015625332
0.11836271	0.015839007
0.11999514	0.016055603
0.12165008	0.016275162
0.123327844	0.016497724
0.12502874	0.016723327
0.12675312	0.016952017
0.12850127	0.017183835
0.13027352	0.017418822
0.13207021	0.017657023
0.1338917	0.017898481
0.1357383	0.01814324
0.13761036	0.018391348
0.13950825	0.018642848
0.14143232	0.018897787
0.1433829	0.019156212
0.14536041	0.01941817
0.14736518	0.019683713
0.14939761	0.019952886
0.15145807	0.02022574
0.15354693	0.020502325
0.15566461	0.020782692
0.1578115	0.021066893
0.159988	0.02135498
0.1621945	0.021647008
0.16443145	0.021943029
0.16669925	0.022243097
0.16899833	0.02254727
0.17132911	0.0228556
0.17369203	0.023168148
0.17608754	0.023484971
0.1785161	0.023806127
0.18097815	0.024131525
0.18347415	0.02445816
0.18600458	0.024789216
0.18856992	0.025124753
0.19117062	0.025464833
0.1938072	0.025809515
0.19648014	0.026158864
0.19918995	0.02651294
0.20193712	0.026871808
0.20472218	0.027235534
0.20754565	0.027604185
0.21040808	0.027977824
0.21330997	0.028356522
0.21625188	0.028740345
0.21923438	0.029129364
0.222258	0.029523646
0.22532332	0.029923268
0.22843093	0.030328298
0.23158139	0.03073881
0.2347753	0.031154878
0.23801327	0.03157658
0.24129587	0.032003988
0.24462377	0.032437183
0.24799755	0.03287624
0.25141788	0.03332124
0.25488538	0.033772264
0.25840068	0.034229394
0.26196447	0.03469271
0.26557744	0.035162296
0.2692402	0.03563824
0.27295348	0.036120623
0.276718	0.03660954
0.28053442	0.037105072
0.28440347	0.037607312
0.2883259	0.03811635
0.29230243	0.03863228
0.2963338	0.039155193
0.30042073	0.039685182
0.30456406	0.040222343
0.30876455	0.04076678
0.31302294	0.041318584
0.31734008	0.041877855
0.32171673	0.0424447
0.32615378	0.043019213
0.330652	0.043601505
0.33521226	0.044191677
0.33983544	0.04478984
0.34452236	0.045396097
0.34927392	0.04601056
0.35409102	0.046633344
0.35897455	0.047264557
0.36392543	0.047904313
0.36894462	0.048552725
0.374033	0.049209915
0.37919155	0.049876004
0.38442126	0.050551105
0.38972312	0.051235348
0.39509806	0.051928848
0.40054718	0.052625246
0.4060714	0.05332167
0.41167185	0.05402731
0.41734952	0.05474229
0.42310548	0.05546673
0.42894086	0.05620076
0.4348567	0.0569445
0.44085413	0.057698086
0.44693428	0.058461644
0.45309827	0.059235305
0.4593473	0.060019203
0.4656825	0.06081348
0.4721051	0.061618265
0.47861624	0.062433697
0.48521718	0.06325992
0.49190918	0.064097084
0.49869347	0.064945325
0.5055713	0.06580479
0.51254404	0.066675626
0.5196129	0.06755799
0.52677923	0.06845203
0.53404444	0.0693579
0.54140985	0.07027576
0.5488769	0.071205765
0.55644685	0.07214808
0.5641212	0.07310286
0.57190144	0.07407028
0.5797889	0.0750505
0.58778524	0.076043695
0.59589183	0.07705003
0.6041102	0.17026271
0.61244196	0.17119256
0.6208886	0.17213468
0.6294517	0.1730893
0.6381329	0.17405653
0.6469339	0.17503656
0.65585625	0.17602958
0.6649017	0.17703573
0.67407185	0.1780552
0.68336844	0.17908815
0.6927933	0.18013477
0.7023481	0.18119526
0.7120347	0.18226977
0.7218549	0.18335849
0.73181057	0.18446164
0.7419035	0.18557937
0.75213563	0.18671189
0.7625089	0.18785942
0.7730252	0.18902211
0.7836866	0.19020021
0.794495	0.19139388
0.80545247	0.19260336
0.8165611	0.19382884
0.82782286	0.19507053
0.83924	0.19632867
0.8508146	0.19760345
0.8625488	0.1988951
0.87444484	0.20020385
0.88650495	0.20150651
0.8987314	0.20281957
0.9111265	0.2041496
0.9236925	0.20549685
0.9364318	0.20686151
0.9493469	0.20824385
0.96244	0.20964405
0.97571373	0.21106236
0.98917055	0.21249902
1.0	0.21365431
1.002813	0.2139445
1.0166435	0.21537015
1.0306648	0.21681362
1.0448794	0.21827517
1.0592902	0.21975501
1.0738996	0.22125337
1.0887105	0.22277045
1.1037258	0.22430654
1.1189481	0.22586183
1.1343803	0.22743659
1.1500254	0.22903106
1.1658863	0.23064546
1.1819658	0.23228008
1.1982672	0.23393513
1.2147934	0.2356109
1.2315476	0.23730764
1.2485328	0.2390256
1.2657522	0.24076505
1.2832091	0.24252628
1.3009068	0.24430954
1.3188486	0.2461151
1.3370378	0.24794327
1.3554779	0.2497943
1.3741723	0.2516685
1.3931245	0.25356615
1.4123381	0.25548753
1.4318167	0.25743297
1.451564	0.25940272
1.4715836	0.26139715
1.4918792	0.2634165
1.5124549	0.26546115
1.5333143	0.26753137
1.5544614	0.26962748
1.5759001	0.27174982
1.5976346	0.27389872
1.6196687	0.2760745
1.6420068	0.27827752
1.6646528	0.28050807
1.6876113	0.28276655
1.7108865	0.28505328
1.7344825	0.28736866
1.7584041	0.28971297
1.7826556	0.2920866
1.8072414	0.29448995
1.8321666	0.29692337
1.8574352	0.29938725
1.8830526	0.30188194
1.9090232	0.30440784
1.9353518	0.30692527
1.9620438	0.30924898
1.9891038	0.3115988
2.016537	0.31397504
2.0443485	0.31637794
2.0725436	0.3188078
2.1011276	0.32126498
2.130106	0.32374975
2.1594837	0.3262624
2.1892667	0.3288033
2.2194605	0.3313727
2.2500708	0.33397096
2.2811031	0.33659843
2.3125637	0.33925536
2.3444579	0.34194216
2.3767922	0.34465912
2.4095721	0.3474066
2.4428043	0.35018495
2.476495	0.35299447
2.5106502	0.35583553
2.5452764	0.35870853
2.5803802	0.36161378
2.615968	0.36455163
2.652047	0.3675225
2.6886232	0.37052673
2.725704	0.3735647
2.7632961	0.37663677
2.8014069	0.37974334
2.840043	0.3828848
2.8792124	0.38606155
2.9189217	0.38927397
2.9591787	0.39252245
2.999991	0.39580742
3.041366	0.39912927
3.0833118	0.40248844
3.1258361	0.40588534
3.1689467	0.40932035
3.212652	0.41279396
3.2569602	0.41630659
3.3018794	0.41985863
3.347418	0.4234506
3.3935847	0.42708287
3.4403882	0.43075594
3.487837	0.43447027
3.5359404	0.4382263
3.5847073	0.44202453
3.6341467	0.4458654
3.6842678	0.4497494
3.7350802	0.45367703
3.7865937	0.45764872
3.8388174	0.46166506
3.8917613	0.4657265
3.9454355	0.46983352
3.99985	0.4739867
4.055015	0.4781865
4.1109405	0.48243344
4.167638	0.4867281
4.2251167	0.491071
4.283388	0.494936
4.342464	0.49835333
4.402354	0.5018003
4.46307	0.50527704
4.5246234	0.5087839
4.587026	0.5123211
4.650289	0.5158889
4.7144246	0.51948756
4.7794447	0.5231174
4.8453617	0.52677864
4.9121876	0.5304715
4.979935	0.5341964
5.0486174	0.5379535
5.1182466	0.5417431
5.188836	0.5455655
5.2603993	0.54942095
5.332949	0.55330974
5.4065	0.55723226
5.481065	0.56118864
5.5566583	0.5651793
5.6332946	0.5692045
5.7109876	0.5732645
5.789752	0.5773597
5.8696027	0.5814902
5.950555	0.5856565
6.0326233	0.58985895
6.1158237	0.5940977
6.2001715	0.59837306
6.2856827	0.6026855
6.372373	0.6070352
6.4602594	0.6114226
6.5493574	0.6158479
6.6396847	0.6203115
6.7312574	0.62481374
6.8240933	0.62935495
6.9182096	0.63393545
7.0136237	0.6385556
7.110354	0.64321566
7.208418	0.64791614
7.3078346	0.6526572
7.4086223	0.65743935
7.5108004	0.66226286
7.614387	0.6671281
7.719403	0.67203546
7.825867	0.67698526
7.9337993	0.68197787
8.0432205	0.68701375
8.15415	0.69209313
8.26661	0.6972165
8.380621	0.70238423
8.496204	0.7075966
8.613382	0.71285415
8.732176	0.7181572
8.852608	0.72350603
8.9747	0.7289012
9.098477	0.7343431
9.223961	0.73983204
9.351175	0.7453685
9.4801445	0.74981165
9.610892	0.754146
9.7434435	0.7585092
9.877823	0.76290154
10.0	0.7668685
10.014055	0.7671743
10.152166	0.77016443
10.292182	0.7731679
10.43413	0.7761849
10.578034	0.77921546
10.723924	0.7822595
10.871825	0.78531724
11.021767	0.78838867
11.173776	0.79147387
11.327882	0.7945729
11.484114	0.7976858
11.642499	0.80081266
11.803069	0.8039536
11.965855	0.8071085
12.130884	0.81027764
12.29819	0.81346095
12.467804	0.8166585
12.639757	0.8198704
12.814081	0.8230967
12.990809	0.82633746
13.169975	0.8295927
13.351612	0.83286256
13.535754	0.8361471
13.722436	0.83944637
13.911693	0.8427604
14.103559	0.84608924
14.298072	0.84943306
14.495267	0.85279185
14.695182	0.8561657
14.897854	0.85955465
15.103322	0.8629588
15.311623	0.8663782
15.522797	0.8698129
15.736883	0.87326306
15.953922	0.87672865
16.173954	0.88020974
16.397022	0.8837065
16.623165	0.8872189
16.852428	0.890747
17.084852	0.894291
17.320482	0.8978508
17.559362	0.90142655
17.801537	0.9050184
18.04705	0.9086263
18.29595	0.91225034
18.548283	0.9158907
18.804096	0.9195473
19.063438	0.92322034
19.326357	0.9269098
19.5929	0.93061584
19.863121	0.93433845
20.137068	0.9380778
20.414793	0.94183385
20.696348	0.9449917
20.981787	0.94641715
21.271162	0.947845
21.56453	0.94927526
21.861942	0.9507079
22.163456	0.952143
22.469128	0.9535805
22.779016	0.9550204
23.09318	0.9564628
23.411674	0.95790756
23.734562	0.9593548
24.061903	0.96080446
24.393759	0.9622566
24.730192	0.96371114
25.071264	0.9651682
25.41704	0.96662766
25.767586	0.9680896
26.122965	0.969554
26.483248	0.9710209
26.848497	0.9724902
27.218784	0.973962
27.59418	0.97543633
27.97475	0.97691315
28.36057	0.9783924
28.751713	0.9798742
29.14825	0.9813585
29.550255	0.9828453
29.957804	0.9843346
30.0	0.9844878
30.370975	0.9848894
30.789843	0.9853372
31.214489	0.9857852
31.64499	0.9862335
32.081432	0.98668194
32.52389	0.9871307
32.97245	0.98757964
33.4272	0.9880288
33.888218	0.9884782
34.355595	0.98892784
34.82942	0.9893777
35.309776	0.98982775
35.79676	0.99027807
36.290462	0.9907286
36.79097	0.99117935
37.29838	0.9916304
37.81279	0.9920816
38.334297	0.992533
38.86299	0.9929847
39.39898	0.99343663
39.94236	0.99388874
40.493237	0.99434114
41.05171	0.9947937
41.61788	0.9952465
42.191868	0.9956996
42.773766	0.9961529
43.36369	0.9966064
43.96175	0.9970601
44.56806	0.99751407
45.18273	0.9979683
45.80588	0.9981565
46.437622	0.9981888
47.07808	0.9982211
47.727367	0.9982534
48.385612	0.99828565
49.052933	0.99831796
49.729458	0.99835026
50.415314	0.99838257
51.11063	0.9984149
51.815536	0.9984472
52.530163	0.9984795
53.254646	0.9985118
53.98912	0.9985441
54.733723	0.9985764
55.488598	0.9986087
56.25388	0.998641
57.02972	0.9986733
57.81626	0.9987056
58.613647	0.99873793
59.42203	0.99877024
60.241566	0.9988026
61.0724	0.9988349
61.914696	0.9988672
62.76861	0.9988995
63.634296	0.9989318
64.511925	0.9989642
65.40166	0.9989965
66.30366	0.9990288
67.2181	0.9990611
68.14516	0.9990935
69.085	0.9991258
70.037796	0.9991581
71.003746	0.99919045
71.98301	0.99922276
72.97578	0.9992551
73.98225	0.9992874
75.00259	0.9993198
76.037	0.9993521
77.085686	0.99938446
78.148834	0.99941677
79.22664	0.99944913
80.31931	0.99948144
81.427055	0.9995138
82.55008	0.9995461
83.68859	0.9995785
84.842804	0.99961084
86.01293	0.99964315
87.199196	0.9996755
88.401825	0.9997079
89.62104	0.9997402
90.85707	0.99977255
92.11015	0.9998049
93.38051	0.9998373
94.66839	0.9998696
95.97404	0.99990195
97.29768	0.9999343
98.63959	0.9999667
100.0	0.99999905



DATASET #4

Name: 95% Conf
Num Points: 1006
Info: 

X, Y Data:
1.1407711E-4	1.539706E-5	[1.539706E-5	0.3445541]
1.1565044E-4	1.5609401E-5	[1.5609401E-5	0.34455425]
1.1724546E-4	1.582467E-5	[1.582467E-5	0.34455436]
1.1886248E-4	1.6042906E-5	[1.6042906E-5	0.3445545]
1.205018E-4	1.6264154E-5	[1.6264154E-5	0.34455466]
1.2216374E-4	1.6488453E-5	[1.6488453E-5	0.3445548]
1.2384859E-4	1.6715845E-5	[1.6715845E-5	0.34455496]
1.2555667E-4	1.6946373E-5	[1.6946373E-5	0.3445551]
1.2728831E-4	1.7180078E-5	[1.7180078E-5	0.34455526]
1.2904384E-4	1.7417009E-5	[1.7417009E-5	0.34455544]
1.3082358E-4	1.7657207E-5	[1.7657207E-5	0.3445556]
1.3262787E-4	1.7900717E-5	[1.7900717E-5	0.34455574]
1.3445703E-4	1.8147584E-5	[1.8147584E-5	0.3445559]
1.3631143E-4	1.8397857E-5	[1.8397857E-5	0.34455606]
1.381914E-4	1.8651583E-5	[1.8651583E-5	0.34455624]
1.4009731E-4	1.8908806E-5	[1.8908806E-5	0.3445564]
1.4202949E-4	1.9169576E-5	[1.9169576E-5	0.34455657]
1.4398833E-4	1.9433945E-5	[1.9433945E-5	0.34455675]
1.4597418E-4	1.9701956E-5	[1.9701956E-5	0.34455693]
1.4798742E-4	1.9973666E-5	[1.9973666E-5	0.3445571]
1.5002843E-4	2.0249123E-5	[2.0249123E-5	0.3445573]
1.5209758E-4	2.0528378E-5	[2.0528378E-5	0.34455746]
1.5419527E-4	2.0811483E-5	[2.0811483E-5	0.34455764]
1.5632188E-4	2.1098494E-5	[2.1098494E-5	0.34455782]
1.5847784E-4	2.1389464E-5	[2.1389464E-5	0.34455803]
1.6066352E-4	2.1684444E-5	[2.1684444E-5	0.3445582]
1.6287935E-4	2.1983495E-5	[2.1983495E-5	0.34455842]
1.6512575E-4	2.2286667E-5	[2.2286667E-5	0.34455863]
1.6740312E-4	2.2594022E-5	[2.2594022E-5	0.3445588]
1.697119E-4	2.2905617E-5	[2.2905617E-5	0.344559]
1.7205252E-4	2.3221508E-5	[2.3221508E-5	0.34455922]
1.7442543E-4	2.3541754E-5	[2.3541754E-5	0.34455943]
1.7683106E-4	2.3866418E-5	[2.3866418E-5	0.34455964]
1.7926986E-4	2.4195559E-5	[2.4195559E-5	0.34455988]
1.817423E-4	2.452924E-5	[2.452924E-5	0.3445601]
1.8424886E-4	2.4867522E-5	[2.4867522E-5	0.3445603]
1.8678997E-4	2.521047E-5	[2.521047E-5	0.34456053]
1.8936612E-4	2.5558145E-5	[2.5558145E-5	0.34456077]
1.9197782E-4	2.5910618E-5	[2.5910618E-5	0.34456098]
1.9462552E-4	2.626795E-5	[2.626795E-5	0.34456122]
1.9730975E-4	2.663021E-5	[2.663021E-5	0.34456146]
2.0003099E-4	2.6997468E-5	[2.6997468E-5	0.3445617]
2.0278977E-4	2.736979E-5	[2.736979E-5	0.34456193]
2.0558659E-4	2.7747245E-5	[2.7747245E-5	0.3445622]
2.0842199E-4	2.8129907E-5	[2.8129907E-5	0.34456244]
2.112965E-4	2.8517845E-5	[2.8517845E-5	0.3445627]
2.1421064E-4	2.8911134E-5	[2.8911134E-5	0.34456295]
2.1716498E-4	2.9309847E-5	[2.9309847E-5	0.34456322]
2.2016006E-4	2.9714058E-5	[2.9714058E-5	0.34456348]
2.2319646E-4	3.0123843E-5	[3.0123843E-5	0.34456375]
2.2627473E-4	3.0539282E-5	[3.0539282E-5	0.34456402]
2.2939545E-4	3.0960447E-5	[3.0960447E-5	0.3445643]
2.325592E-4	3.1387422E-5	[3.1387422E-5	0.3445646]
2.3576661E-4	3.1820284E-5	[3.1820284E-5	0.34456486]
2.3901823E-4	3.225912E-5	[3.225912E-5	0.34456515]
2.4231472E-4	3.2704003E-5	[3.2704003E-5	0.34456545]
2.4565667E-4	3.315502E-5	[3.315502E-5	0.34456575]
2.490447E-4	3.361226E-5	[3.361226E-5	0.34456605]
2.5247945E-4	3.407581E-5	[3.407581E-5	0.34456635]
2.5596158E-4	3.454575E-5	[3.454575E-5	0.34456664]
2.5949173E-4	3.5022167E-5	[3.5022167E-5	0.34456697]
2.630706E-4	3.5505156E-5	[3.5505156E-5	0.34456727]
2.666988E-4	3.5994806E-5	[3.5994806E-5	0.3445676]
2.7037703E-4	3.6491212E-5	[3.6491212E-5	0.34456792]
2.7410602E-4	3.699446E-5	[3.699446E-5	0.34456825]
2.778864E-4	3.750465E-5	[3.750465E-5	0.34456858]
2.8171894E-4	3.8021873E-5	[3.8021873E-5	0.34456894]
2.8560433E-4	3.8546234E-5	[3.8546234E-5	0.34456927]
2.8954333E-4	3.9077822E-5	[3.9077822E-5	0.34456962]
2.9353664E-4	3.9616745E-5	[3.9616745E-5	0.34456998]
2.97585E-4	4.01631E-5	[4.01631E-5	0.34457034]
3.0168923E-4	4.0716986E-5	[4.0716986E-5	0.3445707]
3.0585006E-4	4.1278516E-5	[4.1278516E-5	0.34457105]
3.1006825E-4	4.1847787E-5	[4.1847787E-5	0.34457144]
3.1434462E-4	4.242491E-5	[4.242491E-5	0.34457183]
3.1868E-4	4.3009986E-5	[4.3009986E-5	0.3445722]
3.2307516E-4	4.3603137E-5	[4.3603137E-5	0.34457257]
3.2753093E-4	4.4204466E-5	[4.4204466E-5	0.344573]
3.3204813E-4	4.481409E-5	[4.481409E-5	0.34457338]
3.3662765E-4	4.543212E-5	[4.543212E-5	0.3445738]
3.4127035E-4	4.605867E-5	[4.605867E-5	0.34457418]
3.4597705E-4	4.6693865E-5	[4.6693865E-5	0.3445746]
3.5074868E-4	4.733782E-5	[4.733782E-5	0.34457505]
3.5558612E-4	4.7990656E-5	[4.7990656E-5	0.34457546]
3.6049026E-4	4.865249E-5	[4.865249E-5	0.34457588]
3.6546207E-4	4.932346E-5	[4.932346E-5	0.34457633]
3.705024E-4	5.0003677E-5	[5.0003677E-5	0.34457678]
3.756123E-4	5.0693277E-5	[5.0693277E-5	0.34457722]
3.8079266E-4	5.1392384E-5	[5.1392384E-5	0.3445777]
3.8604444E-4	5.2101135E-5	[5.2101135E-5	0.34457815]
3.9136867E-4	5.281966E-5	[5.281966E-5	0.34457862]
3.9676632E-4	5.3548098E-5	[5.3548098E-5	0.3445791]
4.0223842E-4	5.428658E-5	[5.428658E-5	0.34457958]
4.07786E-4	5.503524E-5	[5.503524E-5	0.34458008]
4.1341007E-4	5.5794233E-5	[5.5794233E-5	0.3445806]
4.1911172E-4	5.6563687E-5	[5.6563687E-5	0.34458107]
4.24892E-4	5.7343757E-5	[5.7343757E-5	0.3445816]
4.30752E-4	5.813458E-5	[5.813458E-5	0.3445821]
4.3669282E-4	5.8936315E-5	[5.8936315E-5	0.34458265]
4.4271557E-4	5.9749105E-5	[5.9749105E-5	0.34458318]
4.488214E-4	6.0573104E-5	[6.0573104E-5	0.34458372]
4.5501144E-4	6.1408464E-5	[6.1408464E-5	0.34458426]
4.6128684E-4	6.225535E-5	[6.225535E-5	0.34458482]
4.676488E-4	6.311391E-5	[6.311391E-5	0.3445854]
4.7409846E-4	6.398431E-5	[6.398431E-5	0.34458596]
4.8063713E-4	6.486672E-5	[6.486672E-5	0.34458652]
4.8726593E-4	6.576129E-5	[6.576129E-5	0.34458712]
4.939862E-4	6.66682E-5	[6.66682E-5	0.3445877]
5.007991E-4	6.758762E-5	[6.758762E-5	0.3445883]
5.07706E-4	6.851972E-5	[6.851972E-5	0.3445889]
5.1470817E-4	6.946468E-5	[6.946468E-5	0.34458953]
5.218069E-4	7.042266E-5	[7.042266E-5	0.34459016]
5.290035E-4	7.139386E-5	[7.139386E-5	0.3445908]
5.3629937E-4	7.2378454E-5	[7.2378454E-5	0.34459144]
5.436959E-4	7.337662E-5	[7.337662E-5	0.3445921]
5.511944E-4	7.4388554E-5	[7.4388554E-5	0.34459278]
5.5879634E-4	7.541445E-5	[7.541445E-5	0.34459344]
5.6650315E-4	7.645448E-5	[7.645448E-5	0.34459412]
5.743162E-4	7.750886E-5	[7.750886E-5	0.3445948]
5.8223703E-4	7.857779E-5	[7.857779E-5	0.34459552]
5.9026707E-4	7.9661455E-5	[7.9661455E-5	0.3445962]
5.984079E-4	8.076006E-5	[8.076006E-5	0.34459695]
6.0666096E-4	8.187382E-5	[8.187382E-5	0.34459767]
6.150279E-4	8.300294E-5	[8.300294E-5	0.3445984]
6.235102E-4	8.4147636E-5	[8.4147636E-5	0.34459916]
6.3210947E-4	8.5308115E-5	[8.5308115E-5	0.34459993]
6.408274E-4	8.648459E-5	[8.648459E-5	0.3446007]
6.496655E-4	8.76773E-5	[8.76773E-5	0.34460148]
6.586255E-4	8.888645E-5	[8.888645E-5	0.34460226]
6.677091E-4	9.0112284E-5	[9.0112284E-5	0.34460306]
6.76918E-4	9.1355025E-5	[9.1355025E-5	0.3446039]
6.862539E-4	9.26149E-5	[9.26149E-5	0.3446047]
6.957185E-4	9.3892144E-5	[9.3892144E-5	0.34460554]
7.053137E-4	9.518701E-5	[9.518701E-5	0.3446064]
7.150412E-4	9.649973E-5	[9.649973E-5	0.34460726]
7.2490284E-4	9.7830554E-5	[9.7830554E-5	0.34460813]
7.3490053E-4	9.9179735E-5	[9.9179735E-5	0.34460902]
7.450361E-4	1.0054752E-4	[1.0054752E-4	0.34460992]
7.5531146E-4	1.0193417E-4	[1.0193417E-4	0.3446108]
7.6572853E-4	1.0333994E-4	[1.0333994E-4	0.34461173]
7.7628926E-4	1.047651E-4	[1.047651E-4	0.3446127]
7.8699563E-4	1.0620991E-4	[1.0620991E-4	0.3446136]
7.978497E-4	1.0767465E-4	[1.0767465E-4	0.3446146]
8.088534E-4	1.0915959E-4	[1.0915959E-4	0.34461555]
8.200089E-4	1.1066501E-4	[1.1066501E-4	0.34461653]
8.3131826E-4	1.12191185E-4	[1.12191185E-4	0.34461755]
8.427836E-4	1.1373841E-4	[1.1373841E-4	0.34461856]
8.5440703E-4	1.15306975E-4	[1.15306975E-4	0.34461957]
8.661908E-4	1.1689717E-4	[1.1689717E-4	0.34462062]
8.7813707E-4	1.1850929E-4	[1.1850929E-4	0.3446217]
8.902481E-4	1.2014365E-4	[1.2014365E-4	0.34462276]
9.025262E-4	1.2180055E-4	[1.2180055E-4	0.34462383]
9.149736E-4	1.234803E-4	[1.234803E-4	0.34462494]
9.275927E-4	1.2518321E-4	[1.2518321E-4	0.34462607]
9.403858E-4	1.2690961E-4	[1.2690961E-4	0.3446272]
9.533554E-4	1.2865981E-4	[1.2865981E-4	0.34462833]
9.665038E-4	1.3043416E-4	[1.3043416E-4	0.3446295]
9.798335E-4	1.3223298E-4	[1.3223298E-4	0.3446307]
9.933471E-4	1.340566E-4	[1.340566E-4	0.34463188]
0.0010070471	1.3590537E-4	[1.3590537E-4	0.34463307]
0.0010209361	1.3777964E-4	[1.3777964E-4	0.34463432]
0.0010350166	1.3967975E-4	[1.3967975E-4	0.34463555]
0.0010492913	1.4160607E-4	[1.4160607E-4	0.34463683]
0.0010637628	1.4355895E-4	[1.4355895E-4	0.3446381]
0.0010784339	1.4553877E-4	[1.4553877E-4	0.3446394]
0.0010933075	1.475459E-4	[1.475459E-4	0.34464073]
0.0011083861	1.495807E-4	[1.495807E-4	0.34464204]
0.0011236727	1.5164356E-4	[1.5164356E-4	0.3446434]
0.00113917	1.5373487E-4	[1.5373487E-4	0.34464478]
0.0011548812	1.5585503E-4	[1.5585503E-4	0.34464616]
0.001170809	1.5800442E-4	[1.5800442E-4	0.3446476]
0.0011869565	1.6018345E-4	[1.6018345E-4	0.344649]
0.0012033267	1.6239253E-4	[1.6239253E-4	0.34465045]
0.0012199227	1.6463209E-4	[1.6463209E-4	0.3446519]
0.0012367476	1.6690254E-4	[1.6690254E-4	0.3446534]
0.0012538045	1.6920427E-4	[1.6920427E-4	0.34465492]
0.0012710966	1.7153777E-4	[1.7153777E-4	0.34465644]
0.0012886273	1.7390345E-4	[1.7390345E-4	0.344658]
0.0013063997	1.7630174E-4	[1.7630174E-4	0.34465957]
0.0013244172	1.7873311E-4	[1.7873311E-4	0.34466115]
0.0013426832	1.8119802E-4	[1.8119802E-4	0.3446628]
0.0013612012	1.8369692E-4	[1.8369692E-4	0.34466442]
0.0013799745	1.8623027E-4	[1.8623027E-4	0.34466606]
0.0013990068	1.8879857E-4	[1.8879857E-4	0.34466776]
0.0014183015	1.9140229E-4	[1.9140229E-4	0.34466946]
0.0014378624	1.9404192E-4	[1.9404192E-4	0.3446712]
0.001457693	1.9671794E-4	[1.9671794E-4	0.34467295]
0.0014777972	1.9943087E-4	[1.9943087E-4	0.34467474]
0.0014981786	2.0218121E-4	[2.0218121E-4	0.34467652]
0.001518841	2.0496949E-4	[2.0496949E-4	0.34467834]
0.0015397886	2.0779623E-4	[2.0779623E-4	0.34468022]
0.0015610249	2.1066194E-4	[2.1066194E-4	0.3446821]
0.0015825542	2.1356717E-4	[2.1356717E-4	0.344684]
0.0016043803	2.1651246E-4	[2.1651246E-4	0.3446859]
0.0016265075	2.1949838E-4	[2.1949838E-4	0.34468788]
0.0016489399	2.2252547E-4	[2.2252547E-4	0.34468988]
0.0016716816	2.2559433E-4	[2.2559433E-4	0.34469187]
0.001694737	2.2870548E-4	[2.2870548E-4	0.3446939]
0.0017181104	2.3185957E-4	[2.3185957E-4	0.344696]
0.0017418062	2.3505713E-4	[2.3505713E-4	0.34469807]
0.0017658287	2.3829879E-4	[2.3829879E-4	0.3447002]
0.0017901825	2.4158516E-4	[2.4158516E-4	0.34470236]
0.0018148724	2.4491685E-4	[2.4491685E-4	0.34470454]
0.0018399026	2.482945E-4	[2.482945E-4	0.34470674]
0.001865278	2.5171874E-4	[2.5171874E-4	0.344709]
0.0018910035	2.5519019E-4	[2.5519019E-4	0.34471127]
0.0019170837	2.587095E-4	[2.587095E-4	0.34471357]
0.0019435236	2.6227735E-4	[2.6227735E-4	0.34471592]
0.0019703282	2.658944E-4	[2.658944E-4	0.34471828]
0.0019975025	2.6956137E-4	[2.6956137E-4	0.3447207]
0.0020250515	2.7327886E-4	[2.7327886E-4	0.34472314]
0.0020529805	2.7704766E-4	[2.7704766E-4	0.3447256]
0.0020812948	2.808684E-4	[2.808684E-4	0.3447281]
0.0021099993	2.8474187E-4	[2.8474187E-4	0.34473065]
0.0021390999	2.8866873E-4	[2.8866873E-4	0.3447332]
0.0021686018	2.9264975E-4	[2.9264975E-4	0.34473583]
0.0021985106	2.9668567E-4	[2.9668567E-4	0.34473848]
0.0022288319	3.0077726E-4	[3.0077726E-4	0.34474117]
0.0022595716	3.0492526E-4	[3.0492526E-4	0.34474388]
0.0022907348	3.0913047E-4	[3.0913047E-4	0.34474662]
0.002322328	3.1339368E-4	[3.1339368E-4	0.34474942]
0.0023543572	3.177157E-4	[3.177157E-4	0.34475225]
0.0023868277	3.220973E-4	[3.220973E-4	0.3447551]
0.0024197462	3.2653933E-4	[3.2653933E-4	0.34475803]
0.0024531188	3.3104263E-4	[3.3104263E-4	0.34476098]
0.0024869516	3.3560803E-4	[3.3560803E-4	0.344764]
0.002521251	3.402364E-4	[3.402364E-4	0.344767]
0.0025560234	3.449286E-4	[3.449286E-4	0.3447701]
0.0025912754	3.496855E-4	[3.496855E-4	0.3447732]
0.0026270137	3.54508E-4	[3.54508E-4	0.34477636]
0.0026632447	3.59397E-4	[3.59397E-4	0.34477958]
0.0026999756	3.6435344E-4	[3.6435344E-4	0.34478283]
0.002737213	3.6937822E-4	[3.6937822E-4	0.3447861]
0.0027378509	3.694643E-4	[3.694643E-4	0.34478617]
0.0027749639	3.7446973E-4	[3.7446973E-4	0.34478945]
0.0028132354	3.7963138E-4	[3.7963138E-4	0.34479284]
0.002852035	3.8486416E-4	[3.8486416E-4	0.34479627]
0.0028913694	3.901691E-4	[3.901691E-4	0.34479976]
0.0029312465	3.9554713E-4	[3.9554713E-4	0.34480327]
0.0029716734	4.009993E-4	[4.009993E-4	0.34480685]
0.003012658	4.065266E-4	[4.065266E-4	0.34481046]
0.003054208	4.1213012E-4	[4.1213012E-4	0.34481415]
0.0030963307	4.1781086E-4	[4.1781086E-4	0.34481788]
0.0031390344	4.2356993E-4	[4.2356993E-4	0.34482163]
0.0031823271	4.2940836E-4	[4.2940836E-4	0.34482548]
0.003226217	4.3532727E-4	[4.3532727E-4	0.34482935]
0.0032707122	4.4132778E-4	[4.4132778E-4	0.34483328]
0.003315821	4.4741097E-4	[4.4741097E-4	0.34483728]
0.003361552	4.5357802E-4	[4.5357802E-4	0.3448413]
0.0034079137	4.5983007E-4	[4.5983007E-4	0.3448454]
0.0034549148	4.6616833E-4	[4.6616833E-4	0.34484956]
0.003502564	4.7259394E-4	[4.7259394E-4	0.34485376]
0.0035508706	4.791081E-4	[4.791081E-4	0.34485805]
0.0035998432	4.8571205E-4	[4.8571205E-4	0.34486237]
0.0036494914	4.9240707E-4	[4.9240707E-4	0.34486675]
0.0036998242	4.991943E-4	[4.991943E-4	0.3448712]
0.0037508511	5.0607516E-4	[5.0607516E-4	0.34487572]
0.003802582	5.130508E-4	[5.130508E-4	0.34488028]
0.0038550263	5.2012264E-4	[5.2012264E-4	0.34488493]
0.0039081937	5.2729197E-4	[5.2729197E-4	0.3448896]
0.0039620944	5.3456007E-4	[5.3456007E-4	0.34489438]
0.004016739	5.419284E-4	[5.419284E-4	0.3448992]
0.0040721367	5.4939825E-4	[5.4939825E-4	0.34490412]
0.0041282983	5.569711E-4	[5.569711E-4	0.34490907]
0.004185235	5.646483E-4	[5.646483E-4	0.3449141]
0.0042429566	5.7243137E-4	[5.7243137E-4	0.3449192]
0.0043014744	5.803217E-4	[5.803217E-4	0.3449244]
0.004360799	5.883208E-4	[5.883208E-4	0.34492964]
0.004420942	5.964301E-4	[5.964301E-4	0.34493494]
0.004481915	6.046512E-4	[6.046512E-4	0.34494033]
0.004543728	6.1298563E-4	[6.1298563E-4	0.3449458]
0.004606394	6.2143494E-4	[6.2143494E-4	0.34495133]
0.0046699243	6.300007E-4	[6.300007E-4	0.34495693]
0.004734331	6.386846E-4	[6.386846E-4	0.34496263]
0.0047996254	6.474881E-4	[6.474881E-4	0.3449684]
0.0048658205	6.5641303E-4	[6.5641303E-4	0.34497425]
0.004932929	6.6546095E-4	[6.6546095E-4	0.34498018]
0.0050009624	6.7463354E-4	[6.7463354E-4	0.3449862]
0.0050699343	6.839326E-4	[6.839326E-4	0.34499228]
0.0051398575	6.933599E-4	[6.933599E-4	0.34499848]
0.005210745	7.0291705E-4	[7.0291705E-4	0.34500474]
0.0052826107	7.1260595E-4	[7.1260595E-4	0.3450111]
0.005355467	7.2242843E-4	[7.2242843E-4	0.34501752]
0.0054293284	7.323863E-4	[7.323863E-4	0.34502405]
0.005504208	7.4248144E-4	[7.4248144E-4	0.34503067]
0.0055801207	7.527157E-4	[7.527157E-4	0.34503737]
0.00565708	7.63091E-4	[7.63091E-4	0.34504417]
0.005735101	7.736094E-4	[7.736094E-4	0.34505108]
0.0058141984	7.842727E-4	[7.842727E-4	0.34505805]
0.005894386	7.95083E-4	[7.95083E-4	0.34506515]
0.00597568	8.0604234E-4	[8.0604234E-4	0.34507233]
0.006058095	8.1715273E-4	[8.1715273E-4	0.3450796]
0.0061416468	8.2841626E-4	[8.2841626E-4	0.345087]
0.006226351	8.3983503E-4	[8.3983503E-4	0.34509447]
0.006312223	8.514112E-4	[8.514112E-4	0.34510207]
0.00639928	8.6314697E-4	[8.6314697E-4	0.34510976]
0.006487537	8.7504444E-4	[8.7504444E-4	0.34511757]
0.0065770117	8.8710594E-4	[8.8710594E-4	0.34512547]
0.0066677197	8.993337E-4	[8.993337E-4	0.34513348]
0.0067596794	9.1173E-4	[9.1173E-4	0.34514162]
0.006852907	9.2429714E-4	[9.2429714E-4	0.34514984]
0.0069474205	9.370376E-4	[9.370376E-4	0.3451582]
0.007043238	9.4995357E-4	[9.4995357E-4	0.34516665]
0.007140376	9.630476E-4	[9.630476E-4	0.34517524]
0.0072388547	9.763221E-4	[9.763221E-4	0.34518394]
0.007338691	9.897796E-4	[9.897796E-4	0.34519276]
0.0074399044	0.0010034227	[0.0010034227	0.3452017]
0.007542514	0.0010172536	[0.0010172536	0.34521076]
0.007646538	0.0010312754	[0.0010312754	0.34521997]
0.007751997	0.0010454904	[0.0010454904	0.34522927]
0.007858911	0.0010599012	[0.0010599012	0.34523872]
0.007967299	0.0010745107	[0.0010745107	0.3452483]
0.008077182	0.0010893217	[0.0010893217	0.345258]
0.00818858	0.0011043368	[0.0011043368	0.34526786]
0.008301515	0.0011195588	[0.0011195588	0.34527782]
0.008416007	0.0011349906	[0.0011349906	0.34528795]
0.008532079	0.0011506352	[0.0011506352	0.3452982]
0.008649751	0.0011664954	[0.0011664954	0.3453086]
0.0087690465	0.0011825742	[0.0011825742	0.34531912]
0.008889986	0.0011988747	[0.0011988747	0.34532982]
0.009012595	0.0012153998	[0.0012153998	0.34534064]
0.009136895	0.0012321527	[0.0012321527	0.34535164]
0.009262908	0.0012491365	[0.0012491365	0.34536275]
0.00939066	0.0012663545	[0.0012663545	0.34537405]
0.009520173	0.0012838098	[0.0012838098	0.3453855]
0.009651473	0.0013015056	[0.0013015056	0.34539708]
0.009784584	0.0013194454	[0.0013194454	0.34540886]
0.00991953	0.0013376325	[0.0013376325	0.34542078]
0.010056338	0.0013560703	[0.0013560703	0.34543285]
0.010195033	0.0013747622	[0.0013747622	0.3454451]
0.010335639	0.0013937117	[0.0013937117	0.34545752]
0.010478186	0.0014129224	[0.0014129224	0.34547013]
0.010622699	0.001432398	[0.001432398	0.3454829]
0.010769204	0.0014521419	[0.0014521419	0.34549582]
0.01091773	0.0014721581	[0.0014721581	0.34550893]
0.011068305	0.0014924501	[0.0014924501	0.34552225]
0.011220956	0.0015130219	[0.0015130219	0.34553573]
0.011375712	0.0015338772	[0.0015338772	0.3455494]
0.011532604	0.00155502	[0.00155502	0.34556326]
0.011691658	0.0015764541	[0.0015764541	0.3455773]
0.011852906	0.0015981838	[0.0015981838	0.34559155]
0.012016378	0.0016202129	[0.0016202129	0.345606]
0.012182105	0.0016425457	[0.0016425457	0.34562063]
0.012350118	0.0016651864	[0.0016651864	0.34563547]
0.012520447	0.001688139	[0.001688139	0.3456505]
0.012693127	0.0017114081	[0.0017114081	0.34566575]
0.012868186	0.001734998	[0.001734998	0.34568122]
0.013045661	0.001758913	[0.001758913	0.3456969]
0.013225584	0.0017831576	[0.0017831576	0.34571278]
0.013407988	0.0018077365	[0.0018077365	0.3457289]
0.013592907	0.001832654	[0.001832654	0.34574524]
0.013780377	0.0018579151	[0.0018579151	0.34576178]
0.013970433	0.0018835244	[0.0018835244	0.34577858]
0.0141631095	0.0019094866	[0.0019094866	0.3457956]
0.014358443	0.0019358067	[0.0019358067	0.34581286]
0.014556471	0.0019624897	[0.0019624897	0.34583032]
0.014757231	0.0019895404	[0.0019895404	0.34584805]
0.014960758	0.002016964	[0.002016964	0.34586602]
0.015167094	0.0020447655	[0.0020447655	0.34588426]
0.0153762745	0.0020729504	[0.0020729504	0.34590274]
0.015588339	0.0021015236	[0.0021015236	0.34592146]
0.01580333	0.0021304907	[0.0021304907	0.34594044]
0.016021285	0.0021598572	[0.0021598572	0.3459597]
0.016242247	0.0021896283	[0.0021896283	0.3459792]
0.016466256	0.00221981	[0.00221981	0.345999]
0.016693354	0.0022504074	[0.0022504074	0.34601906]
0.016923584	0.0022814267	[0.0022814267	0.34603938]
0.01715699	0.0023128737	[0.0023128737	0.34606]
0.017393615	0.002344754	[0.002344754	0.3460809]
0.017633503	0.0023770737	[0.0023770737	0.3461021]
0.0178767	0.002409839	[0.002409839	0.34612355]
0.01812325	0.0024430559	[0.0024430559	0.34614533]
0.018373203	0.0024767306	[0.0024767306	0.3461674]
0.0186266	0.0025108696	[0.0025108696	0.34618977]
0.018883495	0.0025454792	[0.0025454792	0.34621245]
0.019143932	0.0025805656	[0.0025805656	0.34623545]
0.019164955	0.0025833983	[0.0025833983	0.3462373]
0.01940796	0.0026160588	[0.0026160588	0.34625873]
0.01967563	0.0026520335	[0.0026520335	0.3462823]
0.01994699	0.0026885027	[0.0026885027	0.3463062]
0.020222094	0.0027254734	[0.0027254734	0.34633043]
0.020500991	0.0027629526	[0.0027629526	0.346355]
0.020783735	0.002800947	[0.002800947	0.3463799]
0.02107038	0.002839464	[0.002839464	0.34640515]
0.021360977	0.0028785106	[0.0028785106	0.34643075]
0.021655582	0.0029180944	[0.0029180944	0.34645668]
0.021954251	0.0029582223	[0.0029582223	0.346483]
0.022257037	0.002998902	[0.002998902	0.34650967]
0.022564001	0.0030401412	[0.0030401412	0.3465367]
0.0228752	0.0030819476	[0.0030819476	0.34656408]
0.023190686	0.0031243286	[0.0031243286	0.34659186]
0.023510527	0.0031672926	[0.0031672926	0.34662002]
0.023834778	0.0032108475	[0.0032108475	0.34664857]
0.024163501	0.003255001	[0.003255001	0.3466775]
0.024496758	0.003299762	[0.003299762	0.34670687]
0.02483461	0.0033451384	[0.0033451384	0.3467366]
0.025177125	0.0033911387	[0.0033911387	0.34676674]
0.025524361	0.003437772	[0.003437772	0.34679732]
0.025876386	0.003485046	[0.003485046	0.3468283]
0.026233267	0.0035329703	[0.0035329703	0.34685972]
0.02659507	0.0035815537	[0.0035815537	0.34689155]
0.026961861	0.0036308053	[0.0036308053	0.34692383]
0.027333712	0.003680734	[0.003680734	0.34695658]
0.027710691	0.0037313493	[0.0037313493	0.34698975]
0.02809287	0.0037826607	[0.0037826607	0.34702337]
0.028480321	0.0038346776	[0.0038346776	0.34705746]
0.028873114	0.00388741	[0.00388741	0.34709203]
0.029271325	0.0039408673	[0.0039408673	0.34712708]
0.029675027	0.00399506	[0.00399506	0.3471626]
0.030084297	0.004049998	[0.004049998	0.3471986]
0.030499212	0.004105691	[0.004105691	0.3472351]
0.03091985	0.00416215	[0.00416215	0.34727213]
0.031346288	0.0042193853	[0.0042193853	0.34730962]
0.031778608	0.004277408	[0.004277408	0.34734765]
0.03221689	0.0043362286	[0.0043362286	0.3473862]
0.03266122	0.004395858	[0.004395858	0.3474253]
0.033111673	0.0044563073	[0.0044563073	0.34746492]
0.03356834	0.004517588	[0.004517588	0.3475051]
0.034031305	0.004579711	[0.004579711	0.3475458]
0.03450066	0.004642688	[0.004642688	0.34758708]
0.034976482	0.004706532	[0.004706532	0.34762892]
0.03545887	0.0047712536	[0.0047712536	0.34767136]
0.035947908	0.0048368652	[0.0048368652	0.34771436]
0.03644369	0.004903379	[0.004903379	0.34775797]
0.036946315	0.004970807	[0.004970807	0.34780216]
0.037455868	0.005039163	[0.005039163	0.34784696]
0.03797245	0.0051084585	[0.0051084585	0.34789237]
0.038496155	0.005178707	[0.005178707	0.34793842]
0.039027087	0.0052499217	[0.0052499217	0.3479851]
0.039565336	0.0053221155	[0.0053221155	0.34803241]
0.040111013	0.0053953025	[0.0053953025	0.3480804]
0.040664215	0.0054694954	[0.0054694954	0.34812903]
0.041225042	0.0055447086	[0.0055447086	0.34817833]
0.04179361	0.0056209564	[0.0056209564	0.3482283]
0.042370018	0.0056982525	[0.0056982525	0.34827897]
0.042954374	0.0057766116	[0.0057766116	0.34833032]
0.04354679	0.0058560483	[0.0058560483	0.34838238]
0.044147376	0.0059365775	[0.0059365775	0.34843516]
0.044756245	0.0060182135	[0.0060182135	0.3484887]
0.04537351	0.0061009726	[0.0061009726	0.34854293]
0.04599929	0.00618487	[0.00618487	0.3485979]
0.0466337	0.0062699206	[0.0062699206	0.34865367]
0.047276862	0.0063561406	[0.0063561406	0.34871018]
0.047928892	0.0064435466	[0.0064435466	0.34876746]
0.048589915	0.0065321545	[0.0065321545	0.34882554]
0.049260054	0.006621981	[0.006621981	0.34888443]
0.049939435	0.006713043	[0.006713043	0.3489441]
0.05062819	0.0068053566	[0.0068053566	0.34900463]
0.05132644	0.00689894	[0.00689894	0.34906596]
0.05203432	0.00699381	[0.00699381	0.34912813]
0.052751962	0.007089985	[0.007089985	0.3491912]
0.053479504	0.0071874824	[0.0071874824	0.34925508]
0.05421708	0.0072863204	[0.0072863204	0.34931988]
0.05496483	0.0073865177	[0.0073865177	0.34938553]
0.05572289	0.007488093	[0.007488093	0.3494521]
0.056491405	0.007591065	[0.007591065	0.3495196]
0.05727052	0.007695453	[0.007695453	0.34958804]
0.05806038	0.007801276	[0.007801276	0.3496574]
0.058861136	0.007908555	[0.007908555	0.34972772]
0.059672933	0.008017309	[0.008017309	0.349799]
0.060495928	0.008127558	[0.008127558	0.34987128]
0.06133027	0.008239323	[0.008239323	0.34994453]
0.062176123	0.008352626	[0.008352626	0.3500188]
0.06303364	0.008467487	[0.008467487	0.35009408]
0.06390298	0.008583927	[0.008583927	0.3501704]
0.06478432	0.008701968	[0.008701968	0.35024777]
0.06567781	0.008821633	[0.008821633	0.3503262]
0.06658362	0.008942942	[0.008942942	0.35040572]
0.067501925	0.0090659205	[0.0090659205	0.3504863]
0.06843289	0.00919059	[0.00919059	0.35056803]
0.0693767	0.009316973	[0.009316973	0.35065088]
0.070333526	0.009445095	[0.009445095	0.35073486]
0.07130355	0.009574979	[0.009574979	0.35081998]
0.07228695	0.009706648	[0.009706648	0.35090628]
0.07328391	0.009840128	[0.009840128	0.35099378]
0.07429463	0.0099754445	[0.0099754445	0.35108247]
0.075319275	0.010112621	[0.010112621	0.3511724]
0.07635806	0.010251684	[0.010251684	0.35126352]
0.07741117	0.010392659	[0.010392659	0.35135594]
0.078478806	0.010535573	[0.010535573	0.3514496]
0.07956117	0.010680452	[0.010680452	0.35154456]
0.08065845	0.010827323	[0.010827323	0.35164085]
0.081770875	0.010976214	[0.010976214	0.35173842]
0.08213552	0.011025019	[0.011025019	0.35177043]
0.08289864	0.011126586	[0.011126586	0.351837]
0.08404195	0.011278741	[0.011278741	0.35193673]
0.08520104	0.011432976	[0.011432976	0.35203782]
0.08637611	0.011589321	[0.011589321	0.3521403]
0.08756739	0.0117478045	[0.0117478045	0.35224417]
0.08877509	0.011908454	[0.011908454	0.35234946]
0.08999946	0.012071301	[0.012071301	0.3524562]
0.091240704	0.012236374	[0.012236374	0.35256442]
0.09249908	0.012403706	[0.012403706	0.3526741]
0.093774796	0.012573326	[0.012573326	0.35278526]
0.09506812	0.012745265	[0.012745265	0.35289797]
0.09637927	0.0129195545	[0.0129195545	0.3530122]
0.09770851	0.013096228	[0.013096228	0.35312802]
0.09905608	0.013275318	[0.013275318	0.3532454]
0.10042223	0.013456857	[0.013456857	0.35336438]
0.10180724	0.013640878	[0.013640878	0.353485]
0.103211336	0.013827415	[0.013827415	0.35360727]
0.1046348	0.014016504	[0.014016504	0.35373122]
0.106077895	0.014208178	[0.014208178	0.35385683]
0.10754089	0.014402473	[0.014402473	0.3539842]
0.10902407	0.014599426	[0.014599426	0.35411328]
0.1105277	0.0147990715	[0.0147990715	0.35424414]
0.112052076	0.015001448	[0.015001448	0.3543768]
0.11359747	0.015206591	[0.015206591	0.35451126]
0.115164176	0.01541454	[0.01541454	0.35464755]
0.11675249	0.015625332	[0.015625332	0.3547857]
0.11836271	0.015839007	[0.015839007	0.35492578]
0.11999514	0.016055603	[0.016055603	0.35506776]
0.12165008	0.016275162	[0.016275162	0.35521165]
0.123327844	0.016497724	[0.016497724	0.35535753]
0.12502874	0.016723327	[0.016723327	0.3555054]
0.12675312	0.016952017	[0.016952017	0.3556553]
0.12850127	0.017183835	[0.017183835	0.35580724]
0.13027352	0.017418822	[0.017418822	0.3559613]
0.13207021	0.017657023	[0.017657023	0.3561174]
0.1338917	0.017898481	[0.017898481	0.35627568]
0.1357383	0.01814324	[0.01814324	0.3564361]
0.13761036	0.018391348	[0.018391348	0.35659873]
0.13950825	0.018642848	[0.018642848	0.35676357]
0.14143232	0.018897787	[0.018897787	0.35693067]
0.1433829	0.019156212	[0.019156212	0.35710007]
0.14536041	0.01941817	[0.01941817	0.35727176]
0.14736518	0.019683713	[0.019683713	0.3574458]
0.14939761	0.019952886	[0.019952886	0.35762224]
0.15145807	0.02022574	[0.02022574	0.35780108]
0.15354693	0.020502325	[0.020502325	0.35798237]
0.15566461	0.020782692	[0.020782692	0.35816616]
0.1578115	0.021066893	[0.021066893	0.35835242]
0.159988	0.02135498	[0.02135498	0.35854125]
0.1621945	0.021647008	[0.021647008	0.35873267]
0.16443145	0.021943029	[0.021943029	0.35892668]
0.16669925	0.022243097	[0.022243097	0.35912338]
0.16899833	0.02254727	[0.02254727	0.35932276]
0.17132911	0.0228556	[0.0228556	0.35952485]
0.17369203	0.023168148	[0.023168148	0.3597297]
0.17608754	0.023484971	[0.023484971	0.35993737]
0.1785161	0.023806127	[0.023806127	0.36014786]
0.18097815	0.024131525	[0.024131525	0.36036116]
0.18347415	0.02445816	[0.02445816	0.36057526]
0.18600458	0.024789216	[0.024789216	0.36079225]
0.18856992	0.025124753	[0.025124753	0.3610122]
0.19117062	0.025464833	[0.025464833	0.36123508]
0.1938072	0.025809515	[0.025809515	0.361461]
0.19648014	0.026158864	[0.026158864	0.36168998]
0.19918995	0.02651294	[0.02651294	0.3619221]
0.20193712	0.026871808	[0.026871808	0.3621573]
0.20472218	0.027235534	[0.027235534	0.3623957]
0.20754565	0.027604185	[0.027604185	0.36263734]
0.21040808	0.027977824	[0.027977824	0.36288223]
0.21330997	0.028356522	[0.028356522	0.36313045]
0.21625188	0.028740345	[0.028740345	0.36338204]
0.21923438	0.029129364	[0.029129364	0.36363703]
0.222258	0.029523646	[0.029523646	0.36389545]
0.22532332	0.029923268	[0.029923268	0.36415738]
0.22843093	0.030328298	[0.030328298	0.36442286]
0.23158139	0.03073881	[0.03073881	0.36469194]
0.2347753	0.031154878	[0.031154878	0.36496466]
0.23801327	0.03157658	[0.03157658	0.36524105]
0.24129587	0.032003988	[0.032003988	0.36552122]
0.24462377	0.032437183	[0.032437183	0.36580515]
0.24799755	0.03287624	[0.03287624	0.36609295]
0.25141788	0.03332124	[0.03332124	0.36638463]
0.25488538	0.033772264	[0.033772264	0.36668023]
0.25840068	0.034229394	[0.034229394	0.36697987]
0.26196447	0.03469271	[0.03469271	0.36728355]
0.26557744	0.035162296	[0.035162296	0.36759135]
0.2692402	0.03563824	[0.03563824	0.3679033]
0.27295348	0.036120623	[0.036120623	0.3682195]
0.276718	0.03660954	[0.03660954	0.36853996]
0.28053442	0.037105072	[0.037105072	0.36886474]
0.28440347	0.037607312	[0.037607312	0.36919394]
0.2883259	0.03811635	[0.03811635	0.3695276]
0.29230243	0.03863228	[0.03863228	0.36986578]
0.2963338	0.039155193	[0.039155193	0.3702085]
0.30042073	0.039685182	[0.039685182	0.3705559]
0.30456406	0.040222343	[0.040222343	0.370908]
0.30876455	0.04076678	[0.04076678	0.37126485]
0.31302294	0.041318584	[0.041318584	0.37162653]
0.31734008	0.041877855	[0.041877855	0.3719931]
0.32171673	0.0424447	[0.0424447	0.37236464]
0.32615378	0.043019213	[0.043019213	0.37274122]
0.330652	0.043601505	[0.043601505	0.37312287]
0.33521226	0.044191677	[0.044191677	0.3735097]
0.33983544	0.04478984	[0.04478984	0.37390178]
0.34452236	0.045396097	[0.045396097	0.37429914]
0.34927392	0.04601056	[0.04601056	0.37470192]
0.35409102	0.046633344	[0.046633344	0.37511012]
0.35897455	0.047264557	[0.047264557	0.37552384]
0.36392543	0.047904313	[0.047904313	0.37594318]
0.36894462	0.048552725	[0.048552725	0.3763682]
0.374033	0.049209915	[0.049209915	0.37679893]
0.37919155	0.049876004	[0.049876004	0.37723553]
0.38442126	0.050551105	[0.050551105	0.37767804]
0.38972312	0.051235348	[0.051235348	0.37812653]
0.39509806	0.051928848	[0.051928848	0.37858108]
0.40054718	0.052625246	[0.052625246	0.37903753]
0.4060714	0.05332167	[0.05332167	0.379494]
0.41167185	0.05402731	[0.05402731	0.37995654]
0.41734952	0.05474229	[0.05474229	0.38042516]
0.42310548	0.05546673	[0.05546673	0.3809]
0.42894086	0.05620076	[0.05620076	0.38138112]
0.4348567	0.0569445	[0.0569445	0.38186863]
0.44085413	0.057698086	[0.057698086	0.38236257]
0.44693428	0.058461644	[0.058461644	0.38286304]
0.45309827	0.059235305	[0.059235305	0.38337013]
0.4593473	0.060019203	[0.060019203	0.38388395]
0.4656825	0.06081348	[0.06081348	0.38440457]
0.4721051	0.061618265	[0.061618265	0.38493207]
0.47861624	0.062433697	[0.062433697	0.38546655]
0.48521718	0.06325992	[0.06325992	0.3860081]
0.49190918	0.064097084	[0.064097084	0.38655683]
0.49869347	0.064945325	[0.064945325	0.3871128]
0.5055713	0.06580479	[0.06580479	0.38767615]
0.51254404	0.066675626	[0.066675626	0.38824695]
0.5196129	0.06755799	[0.06755799	0.3888253]
0.52677923	0.06845203	[0.06845203	0.3894113]
0.53404444	0.0693579	[0.0693579	0.39000505]
0.54140985	0.07027576	[0.07027576	0.39060667]
0.5488769	0.071205765	[0.071205765	0.39121625]
0.55644685	0.07214808	[0.07214808	0.3918339]
0.5641212	0.07310286	[0.07310286	0.39245972]
0.57190144	0.07407028	[0.07407028	0.39309382]
0.5797889	0.0750505	[0.0750505	0.3937363]
0.58778524	0.076043695	[0.076043695	0.3943873]
0.59589183	0.07705003	[0.07705003	0.39504692]
0.6041102	0.17026271	[0.08290258	0.5010992]
0.61244196	0.17119256	[0.083930306	0.5016583]
0.6208886	0.17213468	[0.084971644	0.5022248]
0.6294517	0.1730893	[0.08602676	0.5027988]
0.6381329	0.17405653	[0.087095834	0.50338036]
0.6469339	0.17503656	[0.08817905	0.50396967]
0.65585625	0.17602958	[0.08927661	0.5045667]
0.6649017	0.17703573	[0.0903887	0.5051717]
0.67407185	0.1780552	[0.0915155	0.5057847]
0.68336844	0.17908815	[0.09265721	0.5064058]
0.6927933	0.18013477	[0.09381403	0.5070351]
0.7023481	0.18119526	[0.09498616	0.5076727]
0.7120347	0.18226977	[0.09617381	0.5083188]
0.7218549	0.18335849	[0.097377166	0.5089734]
0.73181057	0.18446164	[0.098596446	0.5096367]
0.7419035	0.18557937	[0.099831864	0.5103088]
0.75213563	0.18671189	[0.10108364	0.5109897]
0.7625089	0.18785942	[0.10235197	0.5116797]
0.7730252	0.18902211	[0.103637084	0.5123788]
0.7836866	0.19020021	[0.104939215	0.51308715]
0.794495	0.19139388	[0.10625857	0.5138049]
0.80545247	0.19260336	[0.107595384	0.51453215]
0.8165611	0.19382884	[0.10894989	0.515269]
0.82782286	0.19507053	[0.11032233	0.5160156]
0.83924	0.19632867	[0.111712925	0.5167721]
0.8508146	0.19760345	[0.11312192	0.51753855]
0.8625488	0.1988951	[0.11454957	0.5183152]
0.87444484	0.20020385	[0.11599611	0.5191021]
0.88650495	0.20150651	[0.117435925	0.51988536]
0.8987314	0.20281957	[0.11888722	0.5206749]
0.9111265	0.2041496	[0.1203573	0.5214746]
0.9236925	0.20549685	[0.121846385	0.5222847]
0.9364318	0.20686151	[0.12335474	0.5231052]
0.9493469	0.20824385	[0.1248826	0.5239364]
0.96244	0.20964405	[0.12643023	0.5247783]
0.97571373	0.21106236	[0.12799788	0.52563107]
0.98917055	0.21249902	[0.1295858	0.5264949]
1.0	0.21365431	[0.13086273	0.52718955]
1.002813	0.2139445	[0.13118346	0.527364]
1.0166435	0.21537015	[0.13275921	0.52822125]
1.0306648	0.21681362	[0.13435468	0.52908915]
1.0448794	0.21827517	[0.1359701	0.52996796]
1.0592902	0.21975501	[0.13760574	0.53085774]
1.0738996	0.22125337	[0.13926186	0.53175867]
1.0887105	0.22277045	[0.14093867	0.53267086]
1.1037258	0.22430654	[0.14263648	0.5335945]
1.1189481	0.22586183	[0.14435554	0.5345296]
1.1343803	0.22743659	[0.1460961	0.5354765]
1.1500254	0.22903106	[0.14785843	0.5364352]
1.1658863	0.23064546	[0.14964281	0.5374059]
1.1819658	0.23228008	[0.15144952	0.5383888]
1.1982672	0.23393513	[0.15327884	0.5393839]
1.2147934	0.2356109	[0.15513104	0.5403915]
1.2315476	0.23730764	[0.15700641	0.5414117]
1.2485328	0.2390256	[0.15890527	0.5424447]
1.2657522	0.24076505	[0.16082786	0.5434906]
1.2832091	0.24252628	[0.16277452	0.5445496]
1.3009068	0.24430954	[0.16474552	0.5456218]
1.3188486	0.2461151	[0.1667412	0.54670745]
1.3370378	0.24794327	[0.16876185	0.5478067]
1.3554779	0.2497943	[0.17080776	0.5489197]
1.3741723	0.2516685	[0.1728793	0.55004656]
1.3931245	0.25356615	[0.17497674	0.5511876]
1.4123381	0.25548753	[0.17710042	0.55234283]
1.4318167	0.25743297	[0.17925067	0.5535126]
1.451564	0.25940272	[0.18142784	0.554697]
1.4715836	0.26139715	[0.18363222	0.55589616]
1.4918792	0.2634165	[0.18586421	0.55711037]
1.5124549	0.26546115	[0.18812412	0.5583397]
1.5333143	0.26753137	[0.1904123	0.5595845]
1.5544614	0.26962748	[0.1927291	0.56084484]
1.5759001	0.27174982	[0.1950749	0.562121]
1.5976346	0.27389872	[0.19745006	0.563413]
1.6196687	0.2760745	[0.19985491	0.5647213]
1.6420068	0.27827752	[0.20228986	0.5660459]
1.6646528	0.28050807	[0.20475529	0.5673871]
1.6876113	0.28276655	[0.20725156	0.5687451]
1.7108865	0.28505328	[0.20977905	0.57012004]
1.7344825	0.28736866	[0.21233818	0.57151216]
1.7584041	0.28971297	[0.21492933	0.57292175]
1.7826556	0.2920866	[0.21755289	0.574349]
1.8072414	0.29448995	[0.22020927	0.57579404]
1.8321666	0.29692337	[0.2228989	0.5772572]
1.8574352	0.29938725	[0.22562218	0.5787387]
1.8830526	0.30188194	[0.22837952	0.58023864]
1.9090232	0.30440784	[0.23117137	0.5817574]
1.9353518	0.30692527	[0.23395385	0.5832711]
1.9620438	0.30924898	[0.23652223	0.5846683]
1.9891038	0.3115988	[0.23911947	0.5860812]
2.016537	0.31397504	[0.24174586	0.58750993]
2.0443485	0.31637794	[0.24440175	0.58895475]
2.0725436	0.3188078	[0.24708746	0.5904158]
2.1011276	0.32126498	[0.24980333	0.5918932]
2.130106	0.32374975	[0.2525497	0.59338725]
2.1594837	0.3262624	[0.25532693	0.59489805]
2.1892667	0.3288033	[0.25813532	0.59642583]
2.2194605	0.3313727	[0.26097527	0.5979707]
2.2500708	0.33397096	[0.2638471	0.599533]
2.2811031	0.33659843	[0.2667512	0.60111284]
2.3125637	0.33925536	[0.2696879	0.6027104]
2.3444579	0.34194216	[0.27265757	0.6043259]
2.3767922	0.34465912	[0.27566057	0.60595953]
2.4095721	0.3474066	[0.27869734	0.60761154]
2.4428043	0.35018495	[0.28176817	0.6092821]
2.476495	0.35299447	[0.28487352	0.6109714]
2.5106502	0.35583553	[0.28801373	0.61267966]
2.5452764	0.35870853	[0.2911892	0.6144071]
2.5803802	0.36161378	[0.2944003	0.61615396]
2.615968	0.36455163	[0.2976475	0.61792046]
2.652047	0.3675225	[0.30093116	0.61970675]
2.6886232	0.37052673	[0.30425167	0.6215131]
2.725704	0.3735647	[0.3076095	0.6233398]
2.7632961	0.37663677	[0.31100503	0.6251869]
2.8014069	0.37974334	[0.31443867	0.6270548]
2.840043	0.3828848	[0.3179109	0.62894374]
2.8792124	0.38606155	[0.3214221	0.63085383]
2.9189217	0.38927397	[0.32497275	0.6327854]
2.9591787	0.39252245	[0.32856327	0.6347386]
2.999991	0.39580742	[0.3321941	0.63671374]
3.041366	0.39912927	[0.3358657	0.6387111]
3.0833118	0.40248844	[0.33957854	0.6407309]
3.1258361	0.40588534	[0.34333307	0.6427734]
3.1689467	0.40932035	[0.34712976	0.64483875]
3.212652	0.41279396	[0.3509691	0.64692736]
3.2569602	0.41630659	[0.35485154	0.6490394]
3.3018794	0.41985863	[0.35877758	0.6511752]
3.347418	0.4234506	[0.36274773	0.6533349]
3.3935847	0.42708287	[0.36676243	0.65551895]
3.4403882	0.43075594	[0.37082225	0.6577275]
3.487837	0.43447027	[0.37492764	0.6599608]
3.5359404	0.4382263	[0.37907913	0.6622192]
3.5847073	0.44202453	[0.38327724	0.664503]
3.6341467	0.4458654	[0.3875225	0.6668124]
3.6842678	0.4497494	[0.39181542	0.6691478]
3.7350802	0.45367703	[0.39615658	0.6715093]
3.7865937	0.45764872	[0.40054646	0.67389745]
3.8388174	0.46166506	[0.40498567	0.6763124]
3.8917613	0.4657265	[0.4094747	0.6787544]
3.9454355	0.46983352	[0.41401416	0.68122387]
3.99985	0.4739867	[0.41860458	0.68372107]
4.055015	0.4781865	[0.42324656	0.6862463]
4.1109405	0.48243344	[0.42794067	0.68879986]
4.167638	0.4867281	[0.4326875	0.69138217]
4.2251167	0.491071	[0.4374876	0.6939934]
4.283388	0.494936	[0.44175956	0.6963174]
4.342464	0.49835333	[0.44553673	0.6983721]
4.402354	0.5018003	[0.44934657	0.7004447]
4.46307	0.50527704	[0.4531894	0.7025352]
4.5246234	0.5087839	[0.4570655	0.7046438]
4.587026	0.5123211	[0.46097508	0.7067706]
4.650289	0.5158889	[0.46491855	0.7089158]
4.7144246	0.51948756	[0.46889612	0.71107966]
4.7794447	0.5231174	[0.47290808	0.71326214]
4.8453617	0.52677864	[0.4769548	0.7154636]
4.9121876	0.5304715	[0.4810365	0.71768403]
4.979935	0.5341964	[0.48515356	0.7199237]
5.0486174	0.5379535	[0.4893062	0.7221827]
5.1182466	0.5417431	[0.4934948	0.7244613]
5.188836	0.5455655	[0.49771965	0.7267596]
5.2603993	0.54942095	[0.501981	0.7290778]
5.332949	0.55330974	[0.5062793	0.73141605]
5.4065	0.55723226	[0.51061475	0.73377454]
5.481065	0.56118864	[0.51498777	0.7361535]
5.5566583	0.5651793	[0.51939857	0.7385529]
5.6332946	0.5692045	[0.5238475	0.7409732]
5.7109876	0.5732645	[0.52833503	0.7434144]
5.789752	0.5773597	[0.53286135	0.74587667]
5.8696027	0.5814902	[0.53742677	0.7483603]
5.950555	0.5856565	[0.54203176	0.7508654]
6.0326233	0.58985895	[0.5466766	0.7533922]
6.1158237	0.5940977	[0.5513616	0.75594085]
6.2001715	0.59837306	[0.5560872	0.75851154]
6.2856827	0.6026855	[0.5608536	0.76110446]
6.372373	0.6070352	[0.5656613	0.76371986]
6.4602594	0.6114226	[0.5705106	0.7663579]
6.5493574	0.6158479	[0.57540184	0.7690187]
6.6396847	0.6203115	[0.58033544	0.7717026]
6.7312574	0.62481374	[0.5853117	0.77440965]
6.8240933	0.62935495	[0.590331	0.7771402]
6.9182096	0.63393545	[0.5953938	0.77989435]
7.0136237	0.6385556	[0.60050035	0.7826723]
7.110354	0.64321566	[0.60565114	0.7854743]
7.208418	0.64791614	[0.61084646	0.7883006]
7.3078346	0.6526572	[0.6160867	0.7911513]
7.4086223	0.65743935	[0.62137234	0.7940267]
7.5108004	0.66226286	[0.6267037	0.7969269]
7.614387	0.6671281	[0.6320812	0.79985225]
7.719403	0.67203546	[0.6375052	0.8028029]
7.825867	0.67698526	[0.64297616	0.8057791]
7.9337993	0.68197787	[0.6484945	0.8087811]
8.0432205	0.68701375	[0.6540605	0.811809]
8.15415	0.69209313	[0.6596747	0.81486315]
8.26661	0.6972165	[0.6653375	0.8179437]
8.380621	0.70238423	[0.6710493	0.8210509]
8.496204	0.7075966	[0.6768105	0.824185]
8.613382	0.71285415	[0.68262154	0.8273462]
8.732176	0.7181572	[0.6884829	0.83053476]
8.852608	0.72350603	[0.69439495	0.83375096]
8.9747	0.7289012	[0.7003582	0.83699495]
9.098477	0.7343431	[0.70637304	0.840267]
9.223961	0.73983204	[0.7124399	0.8435674]
9.351175	0.7453685	[0.71855927	0.8468963]
9.4801445	0.74981165	[0.72347015	0.84956783]
9.610892	0.754146	[0.7282609	0.852174]
9.7434435	0.7585092	[0.7330835	0.8547975]
9.877823	0.76290154	[0.7379383	0.8574385]
10.0	0.7668685	[0.74232286	0.8598237]
10.014055	0.7671743	[0.7426609	0.8600076]
10.152166	0.77016443	[0.74596584	0.8618055]
10.292182	0.7731679	[0.7492856	0.8636114]
10.43413	0.7761849	[0.7526202	0.86542547]
10.578034	0.77921546	[0.75596976	0.86724764]
10.723924	0.7822595	[0.7593344	0.869078]
10.871825	0.78531724	[0.762714	0.8709165]
11.021767	0.78838867	[0.7661089	0.8727633]
11.173776	0.79147387	[0.7695189	0.87461835]
11.327882	0.7945729	[0.7729442	0.8764817]
11.484114	0.7976858	[0.7763849	0.8783534]
11.642499	0.80081266	[0.77984095	0.8802335]
11.803069	0.8039536	[0.7833125	0.8821221]
11.965855	0.8071085	[0.78679967	0.8840191]
12.130884	0.81027764	[0.7903024	0.8859246]
12.29819	0.81346095	[0.79382086	0.8878386]
12.467804	0.8166585	[0.7973551	0.8897612]
12.639757	0.8198704	[0.80090517	0.89169246]
12.814081	0.8230967	[0.80447114	0.89363235]
12.990809	0.82633746	[0.80805314	0.89558095]
13.169975	0.8295927	[0.8116511	0.89753824]
13.351612	0.83286256	[0.8152653	0.89950436]
13.535754	0.8361471	[0.8188956	0.90147924]
13.722436	0.83944637	[0.8225422	0.903463]
13.911693	0.8427604	[0.8262052	0.90545565]
14.103559	0.84608924	[0.8298845	0.90745723]
14.298072	0.84943306	[0.8335804	0.90946776]
14.495267	0.85279185	[0.8372928	0.91148734]
14.695182	0.8561657	[0.8410219	0.9135159]
14.897854	0.85955465	[0.84476763	0.9155536]
15.103322	0.8629588	[0.84853023	0.91760045]
15.311623	0.8663782	[0.85230964	0.91965646]
15.522797	0.8698129	[0.856106	0.9217217]
15.736883	0.87326306	[0.85991937	0.9237962]
15.953922	0.87672865	[0.86374986	0.92587996]
16.173954	0.88020974	[0.86759746	0.92797303]
16.397022	0.8837065	[0.87146235	0.9300755]
16.623165	0.8872189	[0.8753446	0.9321875]
16.852428	0.890747	[0.87924415	0.9343088]
17.084852	0.894291	[0.88316125	0.93643975]
17.320482	0.8978508	[0.88709587	0.93858016]
17.559362	0.90142655	[0.89104813	0.9407302]
17.801537	0.9050184	[0.8950181	0.94288987]
18.04705	0.9086263	[0.8990059	0.94505924]
18.29595	0.91225034	[0.9030115	0.94723827]
18.548283	0.9158907	[0.9070351	0.9494271]
18.804096	0.9195473	[0.9110767	0.95162576]
19.063438	0.92322034	[0.91513646	0.9538343]
19.326357	0.9269098	[0.9192144	0.95605266]
19.5929	0.93061584	[0.92331064	0.958281]
19.863121	0.93433845	[0.9274252	0.9605193]
20.137068	0.9380778	[0.9315582	0.96276766]
20.414793	0.94183385	[0.9357098	0.96502614]
20.696348	0.9449917	[0.9392001	0.96692485]
20.981787	0.94641715	[0.9407756	0.96778196]
21.271162	0.947845	[0.9423538	0.96864045]
21.56453	0.94927526	[0.9439346	0.9695004]
21.861942	0.9507079	[0.94551814	0.9703619]
22.163456	0.952143	[0.9471043	0.9712247]
22.469128	0.9535805	[0.94869316	0.9720891]
22.779016	0.9550204	[0.95028466	0.97295487]
23.09318	0.9564628	[0.9518789	0.9738221]
23.411674	0.95790756	[0.95347583	0.97469085]
23.734562	0.9593548	[0.9550754	0.975561]
24.061903	0.96080446	[0.95667773	0.9764327]
24.393759	0.9622566	[0.9582827	0.9773058]
24.730192	0.96371114	[0.9598904	0.9781804]
25.071264	0.9651682	[0.9615008	0.9790565]
25.41704	0.96662766	[0.96311396	0.97993404]
25.767586	0.9680896	[0.96472985	0.980813]
26.122965	0.969554	[0.9663484	0.98169357]
26.483248	0.9710209	[0.9679698	0.98257554]
26.848497	0.9724902	[0.9695938	0.98345906]
27.218784	0.973962	[0.9712206	0.984344]
27.59418	0.97543633	[0.97285014	0.98523045]
27.97475	0.97691315	[0.9744824	0.98611844]
28.36057	0.9783924	[0.97611743	0.9870079]
28.751713	0.9798742	[0.97775525	0.9878989]
29.14825	0.9813585	[0.9793958	0.98879135]
29.550255	0.9828453	[0.9810391	0.9896853]
29.957804	0.9843346	[0.9826852	0.99058074]
30.0	0.9844878	[0.98285455	0.9906729]
30.370975	0.9848894	[0.9832984	0.99091434]
30.789843	0.9853372	[0.9837934	0.9911836]
31.214489	0.9857852	[0.9842886	0.991453]
31.64499	0.9862335	[0.98478407	0.9917225]
32.081432	0.98668194	[0.98527974	0.9919922]
32.52389	0.9871307	[0.9857757	0.992262]
32.97245	0.98757964	[0.9862719	0.99253196]
33.4272	0.9880288	[0.98676836	0.992802]
33.888218	0.9884782	[0.9872651	0.9930722]
34.355595	0.98892784	[0.9877621	0.9933426]
34.82942	0.9893777	[0.9882593	0.99361306]
35.309776	0.98982775	[0.9887568	0.99388367]
35.79676	0.99027807	[0.9892545	0.99415445]
36.290462	0.9907286	[0.9897525	0.99442536]
36.79097	0.99117935	[0.9902507	0.9946964]
37.29838	0.9916304	[0.9907492	0.9949675]
37.81279	0.9920816	[0.9912479	0.99523884]
38.334297	0.992533	[0.99174684	0.9955103]
38.86299	0.9929847	[0.9922461	0.9957819]
39.39898	0.99343663	[0.9927456	0.9960536]
39.94236	0.99388874	[0.9932453	0.99632543]
40.493237	0.99434114	[0.9937453	0.99659747]
41.05171	0.9947937	[0.9942456	0.99686956]
41.61788	0.9952465	[0.9947461	0.99714184]
42.191868	0.9956996	[0.9952468	0.9974143]
42.773766	0.9961529	[0.9957478	0.9976868]
43.36369	0.9966064	[0.9962491	0.9979595]
43.96175	0.9970601	[0.9967506	0.9982323]
44.56806	0.99751407	[0.99725235	0.9985053]
45.18273	0.9979683	[0.9977544	0.9987784]
45.80588	0.9981565	[0.9979624	0.99889153]
46.437622	0.9981888	[0.9979981	0.99891096]
47.07808	0.9982211	[0.9980338	0.9989304]
47.727367	0.9982534	[0.99806947	0.9989498]
48.385612	0.99828565	[0.99810517	0.9989692]
49.052933	0.99831796	[0.9981409	0.9989886]
49.729458	0.99835026	[0.9981766	0.99900806]
50.415314	0.99838257	[0.9982123	0.9990275]
51.11063	0.9984149	[0.998248	0.9990469]
51.815536	0.9984472	[0.9982837	0.99906635]
52.530163	0.9984795	[0.9983194	0.9990857]
53.254646	0.9985118	[0.9983551	0.99910516]
53.98912	0.9985441	[0.9983908	0.9991246]
54.733723	0.9985764	[0.9984265	0.999144]
55.488598	0.9986087	[0.9984622	0.99916345]
56.25388	0.998641	[0.9984979	0.9991829]
57.02972	0.9986733	[0.99853367	0.9992023]
57.81626	0.9987056	[0.99856937	0.99922174]
58.613647	0.99873793	[0.9986051	0.9992412]
59.42203	0.99877024	[0.9986408	0.9992606]
60.241566	0.9988026	[0.9986765	0.99928004]
61.0724	0.9988349	[0.99871224	0.99929947]
61.914696	0.9988672	[0.99874794	0.9993189]
62.76861	0.9988995	[0.99878365	0.9993383]
63.634296	0.9989318	[0.9988194	0.99935776]
64.511925	0.9989642	[0.9988551	0.9993772]
65.40166	0.9989965	[0.9988908	0.9993966]
66.30366	0.9990288	[0.9989266	0.99941605]
67.2181	0.9990611	[0.9989623	0.9994355]
68.14516	0.9990935	[0.998998	0.9994549]
69.085	0.9991258	[0.99903375	0.99947435]
70.037796	0.9991581	[0.99906945	0.9994938]
71.003746	0.99919045	[0.9991052	0.9995132]
71.98301	0.99922276	[0.9991409	0.9995327]
72.97578	0.9992551	[0.9991767	0.99955213]
73.98225	0.9992874	[0.9992124	0.99957156]
75.00259	0.9993198	[0.99924815	0.999591]
76.037	0.9993521	[0.9992839	0.9996104]
77.085686	0.99938446	[0.9993196	0.99962986]
78.148834	0.99941677	[0.9993554	0.99964935]
79.22664	0.99944913	[0.99939114	0.9996688]
80.31931	0.99948144	[0.99942684	0.9996882]
81.427055	0.9995138	[0.9994626	0.99970764]
82.55008	0.9995461	[0.99949837	0.99972713]
83.68859	0.9995785	[0.9995341	0.99974656]
84.842804	0.99961084	[0.99956983	0.999766]
86.01293	0.99964315	[0.9996056	0.9997854]
87.199196	0.9996755	[0.99964136	0.9998049]
88.401825	0.9997079	[0.9996771	0.99982435]
89.62104	0.9997402	[0.9997128	0.9998438]
90.85707	0.99977255	[0.9997486	0.99986327]
92.11015	0.9998049	[0.99978435	0.9998827]
93.38051	0.9998373	[0.9998201	0.9999021]
94.66839	0.9998696	[0.9998559	0.9999216]
95.97404	0.99990195	[0.99989164	0.99994105]
97.29768	0.9999343	[0.9999274	0.9999605]
98.63959	0.9999667	[0.99996316	0.99998]
100.0	0.99999905	[0.9999989	0.9999994]



DATASET #5

Name: UCERF3-ETAS Triggered Only
Num Points: 836
Info: 

X, Y Data:
1.1407711E-4	0.0
1.1565044E-4	0.0
1.1724546E-4	0.0
1.1886248E-4	0.0
1.205018E-4	0.0
1.2216374E-4	0.0
1.2384859E-4	0.0
1.2555667E-4	0.0
1.2728831E-4	0.0
1.2904384E-4	0.0
1.3082358E-4	0.0
1.3262787E-4	0.0
1.3445703E-4	0.0
1.3631143E-4	0.0
1.381914E-4	0.0
1.4009731E-4	0.0
1.4202949E-4	0.0
1.4398833E-4	0.0
1.4597418E-4	0.0
1.4798742E-4	0.0
1.5002843E-4	0.0
1.5209758E-4	0.0
1.5419527E-4	0.0
1.5632188E-4	0.0
1.5847784E-4	0.0
1.6066352E-4	0.0
1.6287935E-4	0.0
1.6512575E-4	0.0
1.6740312E-4	0.0
1.697119E-4	0.0
1.7205252E-4	0.0
1.7442543E-4	0.0
1.7683106E-4	0.0
1.7926986E-4	0.0
1.817423E-4	0.0
1.8424886E-4	0.0
1.8678997E-4	0.0
1.8936612E-4	0.0
1.9197782E-4	0.0
1.9462552E-4	0.0
1.9730975E-4	0.0
2.0003099E-4	0.0
2.0278977E-4	0.0
2.0558659E-4	0.0
2.0842199E-4	0.0
2.112965E-4	0.0
2.1421064E-4	0.0
2.1716498E-4	0.0
2.2016006E-4	0.0
2.2319646E-4	0.0
2.2627473E-4	0.0
2.2939545E-4	0.0
2.325592E-4	0.0
2.3576661E-4	0.0
2.3901823E-4	0.0
2.4231472E-4	0.0
2.4565667E-4	0.0
2.490447E-4	0.0
2.5247945E-4	0.0
2.5596158E-4	0.0
2.5949173E-4	0.0
2.630706E-4	0.0
2.666988E-4	0.0
2.7037703E-4	0.0
2.7410602E-4	0.0
2.778864E-4	0.0
2.8171894E-4	0.0
2.8560433E-4	0.0
2.8954333E-4	0.0
2.9353664E-4	0.0
2.97585E-4	0.0
3.0168923E-4	0.0
3.0585006E-4	0.0
3.1006825E-4	0.0
3.1434462E-4	0.0
3.1868E-4	0.0
3.2307516E-4	0.0
3.2753093E-4	0.0
3.3204813E-4	0.0
3.3662765E-4	0.0
3.4127035E-4	0.0
3.4597705E-4	0.0
3.5074868E-4	0.0
3.5558612E-4	0.0
3.6049026E-4	0.0
3.6546207E-4	0.0
3.705024E-4	0.0
3.756123E-4	0.0
3.8079266E-4	0.0
3.8604444E-4	0.0
3.9136867E-4	0.0
3.9676632E-4	0.0
4.0223842E-4	0.0
4.07786E-4	0.0
4.1341007E-4	0.0
4.1911172E-4	0.0
4.24892E-4	0.0
4.30752E-4	0.0
4.3669282E-4	0.0
4.4271557E-4	0.0
4.488214E-4	0.0
4.5501144E-4	0.0
4.6128684E-4	0.0
4.676488E-4	0.0
4.7409846E-4	0.0
4.8063713E-4	0.0
4.8726593E-4	0.0
4.939862E-4	0.0
5.007991E-4	0.0
5.07706E-4	0.0
5.1470817E-4	0.0
5.218069E-4	0.0
5.290035E-4	0.0
5.3629937E-4	0.0
5.436959E-4	0.0
5.511944E-4	0.0
5.5879634E-4	0.0
5.6650315E-4	0.0
5.743162E-4	0.0
5.8223703E-4	0.0
5.9026707E-4	0.0
5.984079E-4	0.0
6.0666096E-4	0.0
6.150279E-4	0.0
6.235102E-4	0.0
6.3210947E-4	0.0
6.408274E-4	0.0
6.496655E-4	0.0
6.586255E-4	0.0
6.677091E-4	0.0
6.76918E-4	0.0
6.862539E-4	0.0
6.957185E-4	0.0
7.053137E-4	0.0
7.150412E-4	0.0
7.2490284E-4	0.0
7.3490053E-4	0.0
7.450361E-4	0.0
7.5531146E-4	0.0
7.6572853E-4	0.0
7.7628926E-4	0.0
7.8699563E-4	0.0
7.978497E-4	0.0
8.088534E-4	0.0
8.200089E-4	0.0
8.3131826E-4	0.0
8.427836E-4	0.0
8.5440703E-4	0.0
8.661908E-4	0.0
8.7813707E-4	0.0
8.902481E-4	0.0
9.025262E-4	0.0
9.149736E-4	0.0
9.275927E-4	0.0
9.403858E-4	0.0
9.533554E-4	0.0
9.665038E-4	0.0
9.798335E-4	0.0
9.933471E-4	0.0
0.0010070471	0.0
0.0010209361	0.0
0.0010350166	0.0
0.0010492913	0.0
0.0010637628	0.0
0.0010784339	0.0
0.0010933075	0.0
0.0011083861	0.0
0.0011236727	0.0
0.00113917	0.0
0.0011548812	0.0
0.001170809	0.0
0.0011869565	0.0
0.0012033267	0.0
0.0012199227	0.0
0.0012367476	0.0
0.0012538045	0.0
0.0012710966	0.0
0.0012886273	0.0
0.0013063997	0.0
0.0013244172	0.0
0.0013426832	0.0
0.0013612012	0.0
0.0013799745	0.0
0.0013990068	0.0
0.0014183015	0.0
0.0014378624	0.0
0.001457693	0.0
0.0014777972	0.0
0.0014981786	0.0
0.001518841	0.0
0.0015397886	0.0
0.0015610249	0.0
0.0015825542	0.0
0.0016043803	0.0
0.0016265075	0.0
0.0016489399	0.0
0.0016716816	0.0
0.001694737	0.0
0.0017181104	0.0
0.0017418062	0.0
0.0017658287	0.0
0.0017901825	0.0
0.0018148724	0.0
0.0018399026	0.0
0.001865278	0.0
0.0018910035	0.0
0.0019170837	0.0
0.0019435236	0.0
0.0019703282	0.0
0.0019975025	0.0
0.0020250515	0.0
0.0020529805	0.0
0.0020812948	0.0
0.0021099993	0.0
0.0021390999	0.0
0.0021686018	0.0
0.0021985106	0.0
0.0022288319	0.0
0.0022595716	0.0
0.0022907348	0.0
0.002322328	0.0
0.0023543572	0.0
0.0023868277	0.0
0.0024197462	0.0
0.0024531188	0.0
0.0024869516	0.0
0.002521251	0.0
0.0025560234	0.0
0.0025912754	0.0
0.0026270137	0.0
0.0026632447	0.0
0.0026999756	0.0
0.002737213	0.0
0.0027378509	0.0
0.0027749639	0.0
0.0028132354	0.0
0.002852035	0.0
0.0028913694	0.0
0.0029312465	0.0
0.0029716734	0.0
0.003012658	0.0
0.003054208	0.0
0.0030963307	0.0
0.0031390344	0.0
0.0031823271	0.0
0.003226217	0.0
0.0032707122	0.0
0.003315821	0.0
0.003361552	0.0
0.0034079137	0.0
0.0034549148	0.0
0.003502564	0.0
0.0035508706	0.0
0.0035998432	0.0
0.0036494914	0.0
0.0036998242	0.0
0.0037508511	0.0
0.003802582	0.0
0.0038550263	0.0
0.0039081937	0.0
0.0039620944	0.0
0.004016739	0.0
0.0040721367	0.0
0.0041282983	0.0
0.004185235	0.0
0.0042429566	0.0
0.0043014744	0.0
0.004360799	0.0
0.004420942	0.0
0.004481915	0.0
0.004543728	0.0
0.004606394	0.0
0.0046699243	0.0
0.004734331	0.0
0.0047996254	0.0
0.0048658205	0.0
0.004932929	0.0
0.0050009624	0.0
0.0050699343	0.0
0.0051398575	0.0
0.005210745	0.0
0.0052826107	0.0
0.005355467	0.0
0.0054293284	0.0
0.005504208	0.0
0.0055801207	0.0
0.00565708	0.0
0.005735101	0.0
0.0058141984	0.0
0.005894386	0.0
0.00597568	0.0
0.006058095	0.0
0.0061416468	0.0
0.006226351	0.0
0.006312223	0.0
0.00639928	0.0
0.006487537	0.0
0.0065770117	0.0
0.0066677197	0.0
0.0067596794	0.0
0.006852907	0.0
0.0069474205	0.0
0.007043238	0.0
0.007140376	0.0
0.0072388547	0.0
0.007338691	0.0
0.0074399044	0.0
0.007542514	0.0
0.007646538	0.0
0.007751997	0.0
0.007858911	0.0
0.007967299	0.0
0.008077182	0.0
0.00818858	0.0
0.008301515	0.0
0.008416007	0.0
0.008532079	0.0
0.008649751	0.0
0.0087690465	0.0
0.008889986	0.0
0.009012595	0.0
0.009136895	0.0
0.009262908	0.0
0.00939066	0.0
0.009520173	0.0
0.009651473	0.0
0.009784584	0.0
0.00991953	0.0
0.010056338	0.0
0.010195033	0.0
0.010335639	0.0
0.010478186	0.0
0.010622699	0.0
0.010769204	0.0
0.01091773	0.0
0.011068305	0.0
0.011220956	0.0
0.011375712	0.0
0.011532604	0.0
0.011691658	0.0
0.011852906	0.0
0.012016378	0.0
0.012182105	0.0
0.012350118	0.0
0.012520447	0.0
0.012693127	0.0
0.012868186	0.0
0.013045661	0.0
0.013225584	0.0
0.013407988	0.0
0.013592907	0.0
0.013780377	0.0
0.013970433	0.0
0.0141631095	0.0
0.014358443	0.0
0.014556471	0.0
0.014757231	0.0
0.014960758	0.0
0.015167094	0.0
0.0153762745	0.0
0.015588339	0.0
0.01580333	0.0
0.016021285	0.0
0.016242247	0.0
0.016466256	0.0
0.016693354	0.0
0.016923584	0.0
0.01715699	0.0
0.017393615	0.0
0.017633503	0.0
0.0178767	0.0
0.01812325	0.0
0.018373203	0.0
0.0186266	0.0
0.018883495	0.0
0.019143932	0.0
0.019164955	0.0
0.01940796	0.0
0.01967563	0.0
0.01994699	0.0
0.020222094	0.0
0.020500991	0.0
0.020783735	0.0
0.02107038	0.0
0.021360977	0.0
0.021655582	0.0
0.021954251	0.0
0.022257037	0.0
0.022564001	0.0
0.0228752	0.0
0.023190686	0.0
0.023510527	0.0
0.023834778	0.0
0.024163501	0.0
0.024496758	0.0
0.02483461	0.0
0.025177125	0.0
0.025524361	0.0
0.025876386	0.0
0.026233267	0.0
0.02659507	0.0
0.026961861	0.0
0.027333712	0.0
0.027710691	0.0
0.02809287	0.0
0.028480321	0.0
0.028873114	0.0
0.029271325	0.0
0.029675027	0.0
0.030084297	0.0
0.030499212	0.0
0.03091985	0.0
0.031346288	0.0
0.031778608	0.0
0.03221689	0.0
0.03266122	0.0
0.033111673	0.0
0.03356834	0.0
0.034031305	0.0
0.03450066	0.0
0.034976482	0.0
0.03545887	0.0
0.035947908	0.0
0.03644369	0.0
0.036946315	0.0
0.037455868	0.0
0.03797245	0.0
0.038496155	0.0
0.039027087	0.0
0.039565336	0.0
0.040111013	0.0
0.040664215	0.0
0.041225042	0.0
0.04179361	0.0
0.042370018	0.0
0.042954374	0.0
0.04354679	0.0
0.044147376	0.0
0.044756245	0.0
0.04537351	0.0
0.04599929	0.0
0.0466337	0.0
0.047276862	0.0
0.047928892	0.0
0.048589915	0.0
0.049260054	0.0
0.049939435	0.0
0.05062819	0.0
0.05132644	0.0
0.05203432	0.0
0.052751962	0.0
0.053479504	0.0
0.05421708	0.0
0.05496483	0.0
0.05572289	0.0
0.056491405	0.0
0.05727052	0.0
0.05806038	0.0
0.058861136	0.0
0.059672933	0.0
0.060495928	0.0
0.06133027	0.0
0.062176123	0.0
0.06303364	0.0
0.06390298	0.0
0.06478432	0.0
0.06567781	0.0
0.06658362	0.0
0.067501925	0.0
0.06843289	0.0
0.0693767	0.0
0.070333526	0.0
0.07130355	0.0
0.07228695	0.0
0.07328391	0.0
0.07429463	0.0
0.075319275	0.0
0.07635806	0.0
0.07741117	0.0
0.078478806	0.0
0.07956117	0.0
0.08065845	0.0
0.081770875	0.0
0.08213552	0.0
0.08289864	0.0
0.08404195	0.0
0.08520104	0.0
0.08637611	0.0
0.08756739	0.0
0.08877509	0.0
0.08999946	0.0
0.091240704	0.0
0.09249908	0.0
0.093774796	0.0
0.09506812	0.0
0.09637927	0.0
0.09770851	0.0
0.09905608	0.0
0.10042223	0.0
0.10180724	0.0
0.103211336	0.0
0.1046348	0.0
0.106077895	0.0
0.10754089	0.0
0.10902407	0.0
0.1105277	0.0
0.112052076	0.0
0.11359747	0.0
0.115164176	0.0
0.11675249	0.0
0.11836271	0.0
0.11999514	0.0
0.12165008	0.0
0.123327844	0.0
0.12502874	0.0
0.12675312	0.0
0.12850127	0.0
0.13027352	0.0
0.13207021	0.0
0.1338917	0.0
0.1357383	0.0
0.13761036	0.0
0.13950825	0.0
0.14143232	0.0
0.1433829	0.0
0.14536041	0.0
0.14736518	0.0
0.14939761	0.0
0.15145807	0.0
0.15354693	0.0
0.15566461	0.0
0.1578115	0.0
0.159988	0.0
0.1621945	0.0
0.16443145	0.0
0.16669925	0.0
0.16899833	0.0
0.17132911	0.0
0.17369203	0.0
0.17608754	0.0
0.1785161	0.0
0.18097815	0.0
0.18347415	0.0
0.18600458	0.0
0.18856992	0.0
0.19117062	0.0
0.1938072	0.0
0.19648014	0.0
0.19918995	0.0
0.20193712	0.0
0.20472218	0.0
0.20754565	0.0
0.21040808	0.0
0.21330997	0.0
0.21625188	0.0
0.21923438	0.0
0.222258	0.0
0.22532332	0.0
0.22843093	0.0
0.23158139	0.0
0.2347753	0.0
0.23801327	0.0
0.24129587	0.0
0.24462377	0.0
0.24799755	0.0
0.25141788	0.0
0.25488538	0.0
0.25840068	0.0
0.26196447	0.0
0.26557744	0.0
0.2692402	0.0
0.27295348	0.0
0.276718	0.0
0.28053442	0.0
0.28440347	0.0
0.2883259	0.0
0.29230243	0.0
0.2963338	0.0
0.30042073	0.0
0.30456406	0.0
0.30876455	0.0
0.31302294	0.0
0.31734008	0.0
0.32171673	0.0
0.32615378	0.0
0.330652	0.0
0.33521226	0.0
0.33983544	0.0
0.34452236	0.0
0.34927392	0.0
0.35409102	0.0
0.35897455	0.0
0.36392543	0.0
0.36894462	0.0
0.374033	0.0
0.37919155	0.0
0.38442126	0.0
0.38972312	0.0
0.39509806	0.0
0.40054718	0.0
0.4060714	0.0
0.41167185	0.0
0.41734952	0.0
0.42310548	0.0
0.42894086	0.0
0.4348567	0.0
0.44085413	0.0
0.44693428	0.0
0.45309827	0.0
0.4593473	0.0
0.4656825	0.0
0.4721051	0.0
0.47861624	0.0
0.48521718	0.0
0.49190918	0.0
0.49869347	0.0
0.5055713	0.0
0.51254404	0.0
0.5196129	0.0
0.52677923	0.0
0.53404444	0.0
0.54140985	0.0
0.5488769	0.0
0.55644685	0.0
0.5641212	0.0
0.57190144	0.0
0.5797889	0.0
0.58778524	0.0
0.59589183	0.0
0.6041102	0.1
0.61244196	0.1
0.6208886	0.1
0.6294517	0.1
0.6381329	0.1
0.6469339	0.1
0.65585625	0.1
0.6649017	0.1
0.67407185	0.1
0.68336844	0.1
0.6927933	0.1
0.7023481	0.1
0.7120347	0.1
0.7218549	0.1
0.73181057	0.1
0.7419035	0.1
0.75213563	0.1
0.7625089	0.1
0.7730252	0.1
0.7836866	0.1
0.794495	0.1
0.80545247	0.1
0.8165611	0.1
0.82782286	0.1
0.83924	0.1
0.8508146	0.1
0.8625488	0.1
0.87444484	0.1
0.88650495	0.1
0.8987314	0.1
0.9111265	0.1
0.9236925	0.1
0.9364318	0.1
0.9493469	0.1
0.96244	0.1
0.97571373	0.1
0.98917055	0.1
1.0	0.1
1.002813	0.1
1.0166435	0.1
1.0306648	0.1
1.0448794	0.1
1.0592902	0.1
1.0738996	0.1
1.0887105	0.1
1.1037258	0.1
1.1189481	0.1
1.1343803	0.1
1.1500254	0.1
1.1658863	0.1
1.1819658	0.1
1.1982672	0.1
1.2147934	0.1
1.2315476	0.1
1.2485328	0.1
1.2657522	0.1
1.2832091	0.1
1.3009068	0.1
1.3188486	0.1
1.3370378	0.1
1.3554779	0.1
1.3741723	0.1
1.3931245	0.1
1.4123381	0.1
1.4318167	0.1
1.451564	0.1
1.4715836	0.1
1.4918792	0.1
1.5124549	0.1
1.5333143	0.1
1.5544614	0.1
1.5759001	0.1
1.5976346	0.1
1.6196687	0.1
1.6420068	0.1
1.6646528	0.1
1.6876113	0.1
1.7108865	0.1
1.7344825	0.1
1.7584041	0.1
1.7826556	0.1
1.8072414	0.1
1.8321666	0.1
1.8574352	0.1
1.8830526	0.1
1.9090232	0.1
1.9353518	0.1
1.9620438	0.1
1.9891038	0.1
2.016537	0.1
2.0443485	0.1
2.0725436	0.1
2.1011276	0.1
2.130106	0.1
2.1594837	0.1
2.1892667	0.1
2.2194605	0.1
2.2500708	0.1
2.2811031	0.1
2.3125637	0.1
2.3444579	0.1
2.3767922	0.1
2.4095721	0.1
2.4428043	0.1
2.476495	0.1
2.5106502	0.1
2.5452764	0.1
2.5803802	0.1
2.615968	0.1
2.652047	0.1
2.6886232	0.1
2.725704	0.1
2.7632961	0.1
2.8014069	0.1
2.840043	0.1
2.8792124	0.1
2.9189217	0.1
2.9591787	0.1
2.999991	0.1
3.041366	0.1
3.0833118	0.1
3.1258361	0.1
3.1689467	0.1
3.212652	0.1
3.2569602	0.1
3.3018794	0.1
3.347418	0.1
3.3935847	0.1
3.4403882	0.1
3.487837	0.1
3.5359404	0.1
3.5847073	0.1
3.6341467	0.1
3.6842678	0.1
3.7350802	0.1
3.7865937	0.1
3.8388174	0.1
3.8917613	0.1
3.9454355	0.1
3.99985	0.1
4.055015	0.1
4.1109405	0.1
4.167638	0.1
4.2251167	0.1
4.283388	0.1
4.342464	0.1
4.402354	0.1
4.46307	0.1
4.5246234	0.1
4.587026	0.1
4.650289	0.1
4.7144246	0.1
4.7794447	0.1
4.8453617	0.1
4.9121876	0.1
4.979935	0.1
5.0486174	0.1
5.1182466	0.1
5.188836	0.1
5.2603993	0.1
5.332949	0.1
5.4065	0.1
5.481065	0.1
5.5566583	0.1
5.6332946	0.1
5.7109876	0.1
5.789752	0.1
5.8696027	0.1
5.950555	0.1
6.0326233	0.1
6.1158237	0.1
6.2001715	0.1
6.2856827	0.1
6.372373	0.1
6.4602594	0.1
6.5493574	0.1
6.6396847	0.1
6.7312574	0.1
6.8240933	0.1
6.9182096	0.1
7.0136237	0.1
7.110354	0.1
7.208418	0.1
7.3078346	0.1
7.4086223	0.1
7.5108004	0.1
7.614387	0.1
7.719403	0.1
7.825867	0.1
7.9337993	0.1
8.0432205	0.1
8.15415	0.1
8.26661	0.1
8.380621	0.1
8.496204	0.1
8.613382	0.1
8.732176	0.1
8.852608	0.1
8.9747	0.1
9.098477	0.1
9.223961	0.1
9.351175	0.1
9.4801445	0.1
9.610892	0.1
9.7434435	0.1
9.877823	0.1
10.0	0.1



DATASET #6

Name: 
Num Points: 2
Info: 

X, Y Data:
1.1407711E-4	  6.9990783E-6
1.1407711E-4	  1.0



DATASET #7

Name: 
Num Points: 2
Info: 

X, Y Data:
0.0027378509	  6.9990783E-6
0.0027378509	  1.0



DATASET #8

Name: 
Num Points: 2
Info: 

X, Y Data:
0.019164955	  6.9990783E-6
0.019164955	  1.0



DATASET #9

Name: 
Num Points: 2
Info: 

X, Y Data:
0.08213552	  6.9990783E-6
0.08213552	  1.0



DATASET #10

Name: 
Num Points: 2
Info: 

X, Y Data:
1.0	  6.9990783E-6
1.0	  1.0



DATASET #11

Name: 
Num Points: 2
Info: 

X, Y Data:
10.0	  6.9990783E-6
10.0	  1.0



DATASET #12

Name: 
Num Points: 2
Info: 

X, Y Data:
30.0	  6.9990783E-6
30.0	  1.0



DATASET #13

Name: 
Num Points: 2
Info: 

X, Y Data:
100.0	  6.9990783E-6
100.0	  1.0


