
X-Axis: Magnitude
Y-Axis: 10 Year Cumulative Number
Number of Data Sets: 8


DATASET #1

     Name: Mean
   Points: 66
     Info: 

Data[x,y]:
2.5	  3102.6
2.6	  2461.9
2.7	  1963.1
2.8	  1547.0
2.9	  1225.4
3.0	  971.3
3.1	  766.5
3.2	  610.9
3.3	  487.9
3.4	  388.7
3.5	  308.4
3.6	  247.1
3.7	  196.9
3.8	  155.2
3.9	  121.5
4.0	  96.4
4.1	  75.8
4.2	  59.3
4.3	  47.3
4.4	  38.5
4.5	  31.0
4.6	  24.6
4.7	  20.0
4.8	  16.2
4.9	  11.6
5.0	  8.6
5.1	  6.6
5.2	  5.0
5.3	  3.3
5.4	  2.5
5.5	  1.9
5.6	  1.4
5.7	  0.6
5.8	  0.5
5.9	  0.2
6.0	  0.2
6.1	  0.2
6.2	  0.2
6.3	  0.1
6.4	  0.1
6.5	  0.0
6.6	  0.0
6.7	  0.0
6.8	  0.0
6.9	  0.0
7.0	  0.0
7.1	  0.0
7.2	  0.0
7.3	  0.0
7.4	  0.0
7.5	  0.0
7.6	  0.0
7.7	  0.0
7.8	  0.0
7.9	  0.0
8.0	  0.0
8.1	  0.0
8.2	  0.0
8.3	  0.0
8.4	  0.0
8.5	  0.0
8.6	  0.0
8.7	  0.0
8.8	  0.0
8.9	  0.0
9.0	  0.0



DATASET #2

Name: 95% Conf
Num Points: 66
Info: 

X, Y Data:
2.5	3102.6	[3102.6	3102.6]
2.6	2461.9	[2461.9	2461.9]
2.7	1963.1	[1963.1	1963.1]
2.8	1547.0	[1547.0	1547.0]
2.9	1225.4	[1225.4	1225.4]
3.0	971.3	[971.3	971.3]
3.1	766.5	[766.5	766.5]
3.2	610.9	[610.9	610.9]
3.3	487.9	[487.9	487.9]
3.4	388.7	[388.7	388.7]
3.5	308.4	[308.4	308.4]
3.6	247.1	[247.1	247.1]
3.7	196.9	[196.9	196.9]
3.8	155.2	[155.2	155.2]
3.9	121.5	[121.5	121.5]
4.0	96.4	[96.4	96.4]
4.1	75.8	[75.8	75.8]
4.2	59.3	[59.3	59.3]
4.3	47.3	[47.3	47.3]
4.4	38.5	[38.5	38.5]
4.5	31.0	[31.0	31.0]
4.6	24.6	[24.6	24.6]
4.7	20.0	[20.0	20.0]
4.8	16.2	[16.2	16.2]
4.9	11.6	[11.6	11.6]
5.0	8.6	[8.6	8.6]
5.1	6.6	[6.6	6.6]
5.2	5.0	[5.0	5.0]
5.3	3.3	[3.3	3.3]
5.4	2.5	[2.5	2.5]
5.5	1.9	[1.9	1.9]
5.6	1.4	[1.4	1.4]
5.7	0.6	[0.27366582	0.8630718]
5.8	0.5	[0.20141985	0.79858017]
5.9	0.2	[0.03542612	0.55782384]
6.0	0.2	[0.03542612	0.55782384]
6.1	0.2	[0.03542612	0.55782384]
6.2	0.2	[0.03542612	0.55782384]
6.3	0.1	[0.0052421447	0.458852]
6.4	0.1	[0.0052421447	0.458852]
6.5	0.0	[0.0	0.344544]
6.6	0.0	[0.0	0.344544]
6.7	0.0	[0.0	0.344544]
6.8	0.0	[0.0	0.344544]
6.9	0.0	[0.0	0.344544]
7.0	0.0	[0.0	0.344544]
7.1	0.0	[0.0	0.344544]
7.2	0.0	[0.0	0.344544]
7.3	0.0	[0.0	0.344544]
7.4	0.0	[0.0	0.344544]
7.5	0.0	[0.0	0.344544]
7.6	0.0	[0.0	0.344544]
7.7	0.0	[0.0	0.344544]
7.8	0.0	[0.0	0.344544]
7.9	0.0	[0.0	0.344544]
8.0	0.0	[0.0	0.344544]
8.1	0.0	[0.0	0.344544]
8.2	0.0	[0.0	0.344544]
8.3	0.0	[0.0	0.344544]
8.4	0.0	[0.0	0.0]
8.5	0.0	[0.0	0.0]
8.6	0.0	[0.0	0.0]
8.7	0.0	[0.0	0.0]
8.8	0.0	[0.0	0.0]
8.9	0.0	[0.0	0.0]
9.0	0.0	[0.0	0.0]



DATASET #3

     Name: 2.5%,97.5%
   Points: 66
     Info: 

Data[x,y]:
2.5	  2572.0
2.6	  2013.0
2.7	  1593.0
2.8	  1243.0
2.9	  991.0
3.0	  791.0
3.1	  621.0
3.2	  484.0
3.3	  379.0
3.4	  294.0
3.5	  235.0
3.6	  191.0
3.7	  144.0
3.8	  107.0
3.9	  92.0
4.0	  69.0
4.1	  54.0
4.2	  41.0
4.3	  30.0
4.4	  22.0
4.5	  19.0
4.6	  15.0
4.7	  12.0
4.8	  5.0
4.9	  2.0
5.0	  2.0
5.1	  2.0
5.2	  2.0
5.3	  1.0
5.4	  0.0
5.5	  0.0
5.6	  0.0
5.7	  0.0
5.8	  0.0
5.9	  0.0
6.0	  0.0
6.1	  0.0
6.2	  0.0
6.3	  0.0
6.4	  0.0
6.5	  0.0
6.6	  0.0
6.7	  0.0
6.8	  0.0
6.9	  0.0
7.0	  0.0
7.1	  0.0
7.2	  0.0
7.3	  0.0
7.4	  0.0
7.5	  0.0
7.6	  0.0
7.7	  0.0
7.8	  0.0
7.9	  0.0
8.0	  0.0
8.1	  0.0
8.2	  0.0
8.3	  0.0
8.4	  0.0
8.5	  0.0
8.6	  0.0
8.7	  0.0
8.8	  0.0
8.9	  0.0
9.0	  0.0



DATASET #4

     Name: null
   Points: 66
     Info: 

Data[x,y]:
2.5	  3711.0
2.6	  2935.0
2.7	  2310.0
2.8	  1836.0
2.9	  1440.0
3.0	  1130.0
3.1	  900.0
3.2	  734.0
3.3	  596.0
3.4	  488.0
3.5	  381.0
3.6	  304.0
3.7	  243.0
3.8	  205.0
3.9	  161.0
4.0	  127.0
4.1	  95.0
4.2	  78.0
4.3	  67.0
4.4	  51.0
4.5	  42.0
4.6	  36.0
4.7	  30.0
4.8	  23.0
4.9	  20.0
5.0	  14.0
5.1	  13.0
5.2	  10.0
5.3	  7.0
5.4	  6.0
5.5	  6.0
5.6	  5.0
5.7	  3.0
5.8	  3.0
5.9	  1.0
6.0	  1.0
6.1	  1.0
6.2	  1.0
6.3	  1.0
6.4	  1.0
6.5	  0.0
6.6	  0.0
6.7	  0.0
6.8	  0.0
6.9	  0.0
7.0	  0.0
7.1	  0.0
7.2	  0.0
7.3	  0.0
7.4	  0.0
7.5	  0.0
7.6	  0.0
7.7	  0.0
7.8	  0.0
7.9	  0.0
8.0	  0.0
8.1	  0.0
8.2	  0.0
8.3	  0.0
8.4	  0.0
8.5	  0.0
8.6	  0.0
8.7	  0.0
8.8	  0.0
8.9	  0.0
9.0	  0.0



DATASET #5

     Name: Median
   Points: 66
     Info: 

Data[x,y]:
2.5	  3049.0
2.6	  2413.0
2.7	  1916.0
2.8	  1514.0
2.9	  1227.0
3.0	  979.0
3.1	  761.0
3.2	  621.0
3.3	  491.0
3.4	  393.0
3.5	  306.0
3.6	  248.0
3.7	  194.0
3.8	  154.0
3.9	  119.0
4.0	  97.0
4.1	  76.0
4.2	  60.0
4.3	  46.0
4.4	  38.0
4.5	  31.0
4.6	  25.0
4.7	  19.0
4.8	  17.0
4.9	  13.0
5.0	  6.0
5.1	  5.0
5.2	  3.0
5.3	  2.0
5.4	  2.0
5.5	  2.0
5.6	  1.0
5.7	  0.0
5.8	  0.0
5.9	  0.0
6.0	  0.0
6.1	  0.0
6.2	  0.0
6.3	  0.0
6.4	  0.0
6.5	  0.0
6.6	  0.0
6.7	  0.0
6.8	  0.0
6.9	  0.0
7.0	  0.0
7.1	  0.0
7.2	  0.0
7.3	  0.0
7.4	  0.0
7.5	  0.0
7.6	  0.0
7.7	  0.0
7.8	  0.0
7.9	  0.0
8.0	  0.0
8.1	  0.0
8.2	  0.0
8.3	  0.0
8.4	  0.0
8.5	  0.0
8.6	  0.0
8.7	  0.0
8.8	  0.0
8.9	  0.0
9.0	  0.0



DATASET #6

     Name: Mode
   Points: 66
     Info: 

Data[x,y]:
2.5	  3255.0
2.6	  2515.0
2.7	  2034.0
2.8	  1514.0
2.9	  1259.0
3.0	  984.0
3.1	  783.0
3.2	  622.0
3.3	  491.0
3.4	  396.0
3.5	  317.0
3.6	  250.0
3.7	  197.0
3.8	  157.0
3.9	  122.0
4.0	  97.0
4.1	  77.0
4.2	  60.0
4.3	  48.0
4.4	  49.0
4.5	  33.0
4.6	  29.0
4.7	  19.0
4.8	  23.0
4.9	  13.0
5.0	  6.0
5.1	  5.0
5.2	  3.0
5.3	  2.0
5.4	  2.0
5.5	  2.0
5.6	  0.0
5.7	  0.0
5.8	  0.0
5.9	  0.0
6.0	  0.0
6.1	  0.0
6.2	  0.0
6.3	  0.0
6.4	  0.0
6.5	  0.0
6.6	  0.0
6.7	  0.0
6.8	  0.0
6.9	  0.0
7.0	  0.0
7.1	  0.0
7.2	  0.0
7.3	  0.0
7.4	  0.0
7.5	  0.0
7.6	  0.0
7.7	  0.0
7.8	  0.0
7.9	  0.0
8.0	  0.0
8.1	  0.0
8.2	  0.0
8.3	  0.0
8.4	  0.0
8.5	  0.0
8.6	  0.0
8.7	  0.0
8.8	  0.0
8.9	  0.0
9.0	  0.0



DATASET #7

     Name: 10 yr Prob
   Points: 66
     Info: 

Data[x,y]:
2.5	  1.0
2.6	  1.0
2.7	  1.0
2.8	  1.0
2.9	  1.0
3.0	  1.0
3.1	  1.0
3.2	  1.0
3.3	  1.0
3.4	  1.0
3.5	  1.0
3.6	  1.0
3.7	  1.0
3.8	  1.0
3.9	  1.0
4.0	  1.0
4.1	  1.0
4.2	  1.0
4.3	  1.0
4.4	  1.0
4.5	  1.0
4.6	  1.0
4.7	  1.0
4.8	  1.0
4.9	  1.0
5.0	  1.0
5.1	  1.0
5.2	  1.0
5.3	  1.0
5.4	  0.9
5.5	  0.7
5.6	  0.6
5.7	  0.4
5.8	  0.3
5.9	  0.2
6.0	  0.2
6.1	  0.2
6.2	  0.2
6.3	  0.1
6.4	  0.1
6.5	  0.0
6.6	  0.0
6.7	  0.0
6.8	  0.0
6.9	  0.0
7.0	  0.0
7.1	  0.0
7.2	  0.0
7.3	  0.0
7.4	  0.0
7.5	  0.0
7.6	  0.0
7.7	  0.0
7.8	  0.0
7.9	  0.0
8.0	  0.0
8.1	  0.0
8.2	  0.0
8.3	  0.0
8.4	  0.0
8.5	  0.0
8.6	  0.0
8.7	  0.0
8.8	  0.0
8.9	  0.0
9.0	  0.0



DATASET #8

     Name: Primary
   Points: 66
     Info: 

Data[x,y]:
2.5	  1781.1
2.6	  1409.7
2.7	  1122.6
2.8	  884.6
2.9	  701.1
3.0	  553.0
3.1	  438.8
3.2	  348.6
3.3	  276.9
3.4	  220.6
3.5	  176.5
3.6	  142.9
3.7	  113.4
3.8	  88.2
3.9	  70.1
4.0	  55.1
4.1	  43.8
4.2	  34.9
4.3	  28.2
4.4	  23.3
4.5	  19.0
4.6	  15.1
4.7	  12.2
4.8	  9.9
4.9	  7.2
5.0	  5.0
5.1	  4.0
5.2	  3.0
5.3	  1.9
5.4	  1.4
5.5	  1.0
5.6	  0.8
5.7	  0.3
5.8	  0.2
5.9	  0.2
6.0	  0.2
6.1	  0.2
6.2	  0.2
6.3	  0.1
6.4	  0.1
6.5	  0.0
6.6	  0.0
6.7	  0.0
6.8	  0.0
6.9	  0.0
7.0	  0.0
7.1	  0.0
7.2	  0.0
7.3	  0.0
7.4	  0.0
7.5	  0.0
7.6	  0.0
7.7	  0.0
7.8	  0.0
7.9	  0.0
8.0	  0.0
8.1	  0.0
8.2	  0.0
8.3	  0.0
8.4	  0.0
8.5	  0.0
8.6	  0.0
8.7	  0.0
8.8	  0.0
8.9	  0.0
9.0	  0.0


