
X-Axis: Magnitude
Y-Axis: Cumulative Annual Rate
Number of Data Sets: 8


DATASET #1

     Name: Mean
   Points: 66
     Info: 

Data[x,y]:
2.5	  2180.36
2.6	  1732.95
2.7	  1376.68
2.8	  1093.91
2.9	  870.32
3.0	  690.73
3.1	  548.59
3.2	  435.63
3.3	  345.91
3.4	  274.81
3.5	  218.34
3.6	  173.0
3.7	  137.53
3.8	  109.84
3.9	  87.35
4.0	  69.63
4.1	  55.22
4.2	  43.81
4.3	  34.5
4.4	  27.14
4.5	  21.23
4.6	  16.72
4.7	  13.47
4.8	  10.83
4.9	  8.55
5.0	  6.71
5.1	  5.4
5.2	  4.37
5.3	  3.49
5.4	  2.76
5.5	  2.14
5.6	  1.76
5.7	  1.41
5.8	  1.1
5.9	  0.87
6.0	  0.7
6.1	  0.55
6.2	  0.46
6.3	  0.41
6.4	  0.32
6.5	  0.22
6.6	  0.17
6.7	  0.13
6.8	  0.07
6.9	  0.06
7.0	  0.06
7.1	  0.03
7.2	  0.02
7.3	  0.01
7.4	  0.01
7.5	  0.01
7.6	  0.01
7.7	  0.01
7.8	  0.0
7.9	  0.0
8.0	  0.0
8.1	  0.0
8.2	  0.0
8.3	  0.0
8.4	  0.0
8.5	  0.0
8.6	  0.0
8.7	  0.0
8.8	  0.0
8.9	  0.0
9.0	  0.0



DATASET #2

     Name: 2.5%,97.5%
   Points: 66
     Info: 

Data[x,y]:
2.5	  1434.9
2.6	  1140.2
2.7	  906.9
2.8	  724.8
2.9	  572.1
3.0	  449.4
3.1	  360.6
3.2	  288.6
3.3	  227.4
3.4	  181.8
3.5	  142.7
3.6	  112.5
3.7	  89.1
3.8	  70.3
3.9	  55.9
4.0	  44.6
4.1	  37.0
4.2	  28.5
4.3	  21.8
4.4	  16.8
4.5	  12.5
4.6	  8.6
4.7	  7.0
4.8	  5.3
4.9	  4.4
5.0	  3.1
5.1	  2.8
5.2	  2.8
5.3	  2.2
5.4	  1.7
5.5	  1.1
5.6	  1.0
5.7	  0.8
5.8	  0.4
5.9	  0.1
6.0	  0.1
6.1	  0.1
6.2	  0.1
6.3	  0.0
6.4	  0.0
6.5	  0.0
6.6	  0.0
6.7	  0.0
6.8	  0.0
6.9	  0.0
7.0	  0.0
7.1	  0.0
7.2	  0.0
7.3	  0.0
7.4	  0.0
7.5	  0.0
7.6	  0.0
7.7	  0.0
7.8	  0.0
7.9	  0.0
8.0	  0.0
8.1	  0.0
8.2	  0.0
8.3	  0.0
8.4	  0.0
8.5	  0.0
8.6	  0.0
8.7	  0.0
8.8	  0.0
8.9	  0.0
9.0	  0.0



DATASET #3

     Name: null
   Points: 66
     Info: 

Data[x,y]:
2.5	  3652.4
2.6	  2897.7
2.7	  2305.1
2.8	  1823.5
2.9	  1459.2
3.0	  1163.3
3.1	  922.7
3.2	  728.0
3.3	  578.0
3.4	  460.9
3.5	  365.5
3.6	  287.4
3.7	  225.2
3.8	  180.1
3.9	  142.0
4.0	  115.6
4.1	  91.3
4.2	  71.3
4.3	  57.0
4.4	  44.8
4.5	  35.7
4.6	  28.3
4.7	  23.1
4.8	  18.5
4.9	  14.2
5.0	  11.8
5.1	  9.9
5.2	  7.9
5.3	  6.1
5.4	  4.7
5.5	  4.1
5.6	  3.3
5.7	  2.7
5.8	  2.1
5.9	  1.5
6.0	  1.3
6.1	  0.8
6.2	  0.7
6.3	  0.7
6.4	  0.6
6.5	  0.3
6.6	  0.3
6.7	  0.3
6.8	  0.2
6.9	  0.2
7.0	  0.2
7.1	  0.1
7.2	  0.1
7.3	  0.1
7.4	  0.1
7.5	  0.1
7.6	  0.1
7.7	  0.1
7.8	  0.0
7.9	  0.0
8.0	  0.0
8.1	  0.0
8.2	  0.0
8.3	  0.0
8.4	  0.0
8.5	  0.0
8.6	  0.0
8.7	  0.0
8.8	  0.0
8.9	  0.0
9.0	  0.0



DATASET #4

     Name: Median
   Points: 66
     Info: 

Data[x,y]:
2.5	  2048.0
2.6	  1625.8
2.7	  1285.3
2.8	  1024.9
2.9	  817.3
3.0	  646.6
3.1	  508.6
3.2	  399.6
3.3	  315.0
3.4	  246.6
3.5	  199.0
3.6	  160.8
3.7	  128.9
3.8	  104.3
3.9	  82.3
4.0	  65.8
4.1	  52.8
4.2	  42.5
4.3	  33.1
4.4	  25.3
4.5	  19.6
4.6	  16.4
4.7	  13.2
4.8	  10.7
4.9	  8.4
5.0	  6.3
5.1	  5.2
5.2	  4.1
5.3	  3.4
5.4	  2.7
5.5	  2.0
5.6	  1.6
5.7	  1.3
5.8	  1.0
5.9	  0.9
6.0	  0.7
6.1	  0.6
6.2	  0.5
6.3	  0.4
6.4	  0.3
6.5	  0.2
6.6	  0.2
6.7	  0.1
6.8	  0.0
6.9	  0.0
7.0	  0.0
7.1	  0.0
7.2	  0.0
7.3	  0.0
7.4	  0.0
7.5	  0.0
7.6	  0.0
7.7	  0.0
7.8	  0.0
7.9	  0.0
8.0	  0.0
8.1	  0.0
8.2	  0.0
8.3	  0.0
8.4	  0.0
8.5	  0.0
8.6	  0.0
8.7	  0.0
8.8	  0.0
8.9	  0.0
9.0	  0.0



DATASET #5

     Name: Mode
   Points: 66
     Info: 

Data[x,y]:
2.5	  2173.7
2.6	  1729.1
2.7	  1375.4
2.8	  1098.3
2.9	  868.9
3.0	  690.9
3.1	  545.2
3.2	  435.6
3.3	  347.0
3.4	  275.2
3.5	  219.6
3.6	  170.9
3.7	  135.9
3.8	  109.6
3.9	  88.9
4.0	  70.9
4.1	  53.7
4.2	  47.5
4.3	  34.0
4.4	  27.8
4.5	  19.6
4.6	  17.7
4.7	  13.9
4.8	  11.8
4.9	  9.4
5.0	  6.6
5.1	  5.4
5.2	  4.6
5.3	  3.4
5.4	  2.9
5.5	  2.1
5.6	  1.6
5.7	  1.3
5.8	  1.0
5.9	  0.9
6.0	  0.8
6.1	  0.7
6.2	  0.6
6.3	  0.4
6.4	  0.3
6.5	  0.3
6.6	  0.3
6.7	  0.2
6.8	  0.0
6.9	  0.0
7.0	  0.0
7.1	  0.0
7.2	  0.0
7.3	  0.0
7.4	  0.0
7.5	  0.0
7.6	  0.0
7.7	  0.0
7.8	  0.0
7.9	  0.0
8.0	  0.0
8.1	  0.0
8.2	  0.0
8.3	  0.0
8.4	  0.0
8.5	  0.0
8.6	  0.0
8.7	  0.0
8.8	  0.0
8.9	  0.0
9.0	  0.0



DATASET #6

     Name: 10 yr Prob
   Points: 66
     Info: 

Data[x,y]:
2.5	  1.0
2.6	  1.0
2.7	  1.0
2.8	  1.0
2.9	  1.0
3.0	  1.0
3.1	  1.0
3.2	  1.0
3.3	  1.0
3.4	  1.0
3.5	  1.0
3.6	  1.0
3.7	  1.0
3.8	  1.0
3.9	  1.0
4.0	  1.0
4.1	  1.0
4.2	  1.0
4.3	  1.0
4.4	  1.0
4.5	  1.0
4.6	  1.0
4.7	  1.0
4.8	  1.0
4.9	  1.0
5.0	  1.0
5.1	  1.0
5.2	  1.0
5.3	  1.0
5.4	  1.0
5.5	  1.0
5.6	  1.0
5.7	  1.0
5.8	  1.0
5.9	  1.0
6.0	  1.0
6.1	  1.0
6.2	  1.0
6.3	  0.9
6.4	  0.9
6.5	  0.9
6.6	  0.8
6.7	  0.7
6.8	  0.4
6.9	  0.4
7.0	  0.4
7.1	  0.3
7.2	  0.2
7.3	  0.1
7.4	  0.1
7.5	  0.1
7.6	  0.1
7.7	  0.1
7.8	  0.0
7.9	  0.0
8.0	  0.0
8.1	  0.0
8.2	  0.0
8.3	  0.0
8.4	  0.0
8.5	  0.0
8.6	  0.0
8.7	  0.0
8.8	  0.0
8.9	  0.0
9.0	  0.0



DATASET #7

Name: 95% Conf
Num Points: 66
Info: 

X, Y Data:
2.5	1.0	[1.0	1.0]
2.6	1.0	[1.0	1.0]
2.7	1.0	[1.0	1.0]
2.8	1.0	[1.0	1.0]
2.9	1.0	[1.0	1.0]
3.0	1.0	[1.0	1.0]
3.1	1.0	[1.0	1.0]
3.2	1.0	[1.0	1.0]
3.3	1.0	[1.0	1.0]
3.4	1.0	[1.0	1.0]
3.5	1.0	[1.0	1.0]
3.6	1.0	[1.0	1.0]
3.7	1.0	[1.0	1.0]
3.8	1.0	[1.0	1.0]
3.9	1.0	[1.0	1.0]
4.0	1.0	[1.0	1.0]
4.1	1.0	[1.0	1.0]
4.2	1.0	[1.0	1.0]
4.3	1.0	[1.0	1.0]
4.4	1.0	[1.0	1.0]
4.5	1.0	[1.0	1.0]
4.6	1.0	[1.0	1.0]
4.7	1.0	[1.0	1.0]
4.8	1.0	[1.0	1.0]
4.9	1.0	[1.0	1.0]
5.0	1.0	[1.0	1.0]
5.1	1.0	[1.0	1.0]
5.2	1.0	[1.0	1.0]
5.3	1.0	[1.0	1.0]
5.4	1.0	[1.0	1.0]
5.5	1.0	[1.0	1.0]
5.6	1.0	[1.0	1.0]
5.7	1.0	[1.0	1.0]
5.8	1.0	[1.0	1.0]
5.9	1.0	[1.0	1.0]
6.0	1.0	[1.0	1.0]
6.1	1.0	[1.0	1.0]
6.2	1.0	[1.0	1.0]
6.3	0.9	[0.541148	0.99475783]
6.4	0.9	[0.541148	0.99475783]
6.5	0.9	[0.541148	0.99475783]
6.6	0.8	[0.44217616	0.96457386]
6.7	0.7	[0.35366616	0.9190538]
6.8	0.4	[0.1369282	0.72633415]
6.9	0.4	[0.1369282	0.72633415]
7.0	0.4	[0.1369282	0.72633415]
7.1	0.3	[0.08094623	0.6463339]
7.2	0.2	[0.03542612	0.55782384]
7.3	0.1	[0.0052421447	0.458852]
7.4	0.1	[0.0052421447	0.458852]
7.5	0.1	[0.0052421447	0.458852]
7.6	0.1	[0.0052421447	0.458852]
7.7	0.1	[0.0052421447	0.458852]
7.8	0.0	[0.0	0.344544]
7.9	0.0	[0.0	0.344544]
8.0	0.0	[0.0	0.344544]
8.1	0.0	[0.0	0.344544]
8.2	0.0	[0.0	0.344544]
8.3	0.0	[0.0	0.344544]
8.4	0.0	[0.0	0.0]
8.5	0.0	[0.0	0.0]
8.6	0.0	[0.0	0.0]
8.7	0.0	[0.0	0.0]
8.8	0.0	[0.0	0.0]
8.9	0.0	[0.0	0.0]
9.0	0.0	[0.0	0.0]



DATASET #8

     Name: Supra
   Points: 66
     Info: 

Data[x,y]:
2.5	  1.0
2.6	  1.0
2.7	  1.0
2.8	  1.0
2.9	  1.0
3.0	  1.0
3.1	  1.0
3.2	  1.0
3.3	  1.0
3.4	  1.0
3.5	  1.0
3.6	  1.0
3.7	  1.0
3.8	  1.0
3.9	  1.0
4.0	  1.0
4.1	  1.0
4.2	  1.0
4.3	  1.0
4.4	  1.0
4.5	  1.0
4.6	  1.0
4.7	  1.0
4.8	  1.0
4.9	  1.0
5.0	  1.0
5.1	  1.0
5.2	  1.0
5.3	  1.0
5.4	  1.0
5.5	  1.0
5.6	  1.0
5.7	  1.0
5.8	  1.0
5.9	  0.9
6.0	  0.9
6.1	  0.9
6.2	  0.9
6.3	  0.9
6.4	  0.8
6.5	  0.7
6.6	  0.7
6.7	  0.6
6.8	  0.4
6.9	  0.4
7.0	  0.4
7.1	  0.2
7.2	  0.1
7.3	  0.1
7.4	  0.1
7.5	  0.1
7.6	  0.1
7.7	  0.1
7.8	  0.0
7.9	  0.0
8.0	  0.0
8.1	  0.0
8.2	  0.0
8.3	  0.0
8.4	  0.0
8.5	  0.0
8.6	  0.0
8.7	  0.0
8.8	  0.0
8.9	  0.0
9.0	  0.0


